
$orca_hessian_file

$act_atom
  0

$act_coord
  0

$act_energy
     -604.057895

$hessian
48
                    0                  1                  2                  3                  4        
    0      7.4296611655E-01  -2.5264291596E-02   5.1968004406E-02  -2.1058779842E-01  -1.2548216264E-01
    1     -2.5264291596E-02   6.7359105206E-01  -7.8440379238E-03  -7.9134613108E-02  -2.2508350643E-01
    2      5.1968004406E-02  -7.8440379238E-03   1.3375252763E-01  -1.2473776593E-02  -8.5088055113E-03
    3     -2.1058779842E-01  -7.9134613108E-02  -1.2473776593E-02   6.8530327354E-01   8.2629876942E-02
    4     -1.2548216264E-01  -2.2508350643E-01  -8.5088055113E-03   8.2629876942E-02   5.7426168233E-01
    5     -1.2134163928E-02  -4.8436081976E-03  -5.6299193277E-02   4.7735205384E-02   2.8875584724E-03
    6     -1.6167413913E-01   4.8234991834E-02  -9.3230792898E-03   5.0702089514E-02   1.5686188459E-02
    7      1.0909167586E-01  -3.0925140672E-01   1.1846998932E-02  -2.7918474910E-02  -6.2967892146E-02
    8     -9.9655025276E-03   6.7755975715E-03  -5.8896362840E-02   4.3024133860E-03   1.9032944503E-03
    9     -3.3522062954E-02  -5.7073201843E-02  -2.0165432329E-03  -2.7985554528E-01   2.5701407788E-02
   10     -2.1559231266E-02   3.3100686889E-02  -2.0671086364E-03  -7.1168887404E-03  -1.1335278583E-01
   11     -2.8534264683E-03  -5.1249373804E-03   2.2746831734E-03  -1.9321881393E-02   2.6757808717E-03
   12     -1.0588600713E-03  -5.7554468855E-03  -4.5695505980E-05  -1.2864864567E-02   3.1456150433E-02
   13     -7.6269499622E-03  -5.4894021672E-02  -2.0406733535E-04   6.9216682273E-02   1.1083545458E-02
   14      9.0578204574E-05  -3.8389254466E-05  -1.3517278184E-03  -2.0303100356E-03   2.5329609876E-03
   15     -1.6643667765E-02   7.5561794070E-02  -2.1059656942E-03  -4.4351475452E-02  -2.3996053031E-02
   16      3.7611775152E-02   1.8271369440E-02   3.0540923881E-03  -1.8857951295E-02  -1.0136422705E-02
   17     -2.0897222644E-03   6.2156626888E-03   3.5230776823E-03  -3.1795414189E-03  -1.9208713802E-03
   18      2.3972009274E-02   2.8158968895E-03   2.5616837094E-03  -1.0720835232E-01   3.6133078903E-04
   19      4.0349630646E-03  -5.3691640135E-02   1.2056494413E-03   1.6955509332E-03  -1.0203226408E-01
   20      2.1672214261E-03   8.6538940650E-04  -2.0547243931E-03  -2.1531308717E-03   6.7726470765E-04
   21     -4.1474023420E-03   3.0349721849E-03  -1.0063181487E-03  -3.5676354153E-02  -2.5292518112E-02
   22      3.0197126104E-03   1.7229936232E-03   1.0632450211E-04  -2.6990077269E-02   3.4615451459E-03
   23     -7.2621512430E-04   4.3370408111E-04   4.7396353265E-03  -2.6476714421E-03  -2.1400763439E-03
   24     -3.3924944408E-01   3.1864456247E-02  -2.5823219560E-02  -1.4660871225E-02   1.8929069921E-03
   25      3.3426684506E-02  -5.9313597550E-02   2.9850216992E-03  -2.4646522357E-02   7.8722144167E-03
   26     -2.5821817305E-02   2.9277639537E-03  -3.9524582052E-02  -1.3687011641E-03   4.0274942777E-05
   27      1.1037789230E-02   1.2793871838E-02   4.4060454571E-04  -4.1616051062E-04   2.6180203364E-03
   28     -1.7970598224E-02  -1.9135458806E-02  -1.4457093958E-03   3.7585385179E-03  -2.8821469402E-03
   29      8.3116134572E-04   1.3411036304E-03   3.0628640882E-03  -7.1605602422E-04   3.0073653688E-04
   30      7.0612081014E-04  -3.5409878761E-04   1.2158350046E-04   1.3526081199E-03   1.9169433210E-03
   31     -1.2877541898E-04  -1.1419241220E-03  -5.7322253607E-06   3.3967693045E-05  -4.3823484843E-03
   32      1.8189185200E-04  -2.8549739949E-05  -1.1291038418E-03  -4.6859555862E-04   2.3597315582E-04
   33     -5.9007576442E-03  -3.0835511672E-04  -1.1552341899E-03  -1.1572190070E-03  -9.7183446304E-04
   34      1.6434750145E-04   1.6639647598E-03   1.5683819284E-04  -8.7525199167E-04   5.1467000172E-04
   35     -1.1305690717E-03   5.8468155285E-05   7.1114821232E-03  -3.7205382601E-05  -1.2245836327E-04
   36     -1.0684657522E-03   5.2140409474E-03  -4.5637060440E-04   5.7706203008E-03  -1.0056054441E-02
   37     -4.4184310830E-04   2.7378914470E-03  -2.6021758013E-04   7.1974460152E-03  -5.2242208508E-03
   38     -1.3941313844E-04   4.3425289935E-04   8.4618397164E-04   1.8567451732E-04  -7.6814666825E-04
   39     -4.7977575086E-04  -4.5615035900E-03   2.9713617694E-04   8.6471551975E-05   4.0910896748E-03
   40     -1.1051266036E-03  -3.0524545663E-03   8.3573054408E-05   7.9461737061E-05   1.3021895485E-03
   41      1.4101526629E-05  -3.5434708578E-04  -6.7207360079E-04  -2.2120068038E-05   3.5509426830E-04
   42     -4.1781468925E-03  -1.1604250059E-02  -4.9660829312E-04  -5.3672729200E-02   3.5297119986E-02
   43      2.0962658391E-03  -6.9414576299E-03   3.8433310213E-04   4.4494669710E-02  -1.8276350421E-03
   44     -5.1495679124E-04  -1.1224947770E-03   1.1508773147E-03  -7.5947777101E-03   3.7308082695E-03
   45     -1.1821590667E-04   4.0304548885E-03  -4.7635470462E-04   1.6978762806E-02  -1.6208585301E-02
   46      1.0098946714E-02   1.3040930069E-03   5.1505116418E-04  -2.3333354479E-02  -7.0691485627E-02
   47     -2.1337970302E-04   3.8316266536E-04   3.4251121109E-03  -3.1629716760E-04  -1.6481502053E-03
                    5                  6                  7                  8                  9        
    0     -1.2134163928E-02  -1.6167413913E-01   1.0909167586E-01  -9.9655025276E-03  -3.3522062954E-02
    1     -4.8436081976E-03   4.8234991834E-02  -3.0925140672E-01   6.7755975715E-03  -5.7073201843E-02
    2     -5.6299193277E-02  -9.3230792898E-03   1.1846998932E-02  -5.8896362840E-02  -2.0165432329E-03
    3      4.7735205384E-02   5.0702089514E-02  -2.7918474910E-02   4.3024133860E-03  -2.7985554528E-01
    4      2.8875584724E-03   1.5686188459E-02  -6.2967892146E-02   1.9032944503E-03   2.5701407788E-02
    5      1.3084788132E-01   4.0469957187E-03  -1.7653304574E-03   2.7542331402E-03  -1.9740063960E-02
    6      4.0469957187E-03   6.7878426687E-01   4.1328632061E-02   4.6517214157E-02  -3.4211858346E-02
    7     -1.7653304574E-03   4.1328632061E-02   7.2037133006E-01  -2.5435489293E-03   2.9377407940E-02
    8      2.7542331402E-03   4.6517214157E-02  -2.5435489293E-03   1.3116311428E-01  -2.9210362165E-03
    9     -1.9740063960E-02  -3.4211858346E-02   2.9377407940E-02  -2.9210362165E-03   6.4723707223E-01
   10     -1.7736672717E-04   3.0158157634E-02  -1.7861775590E-02   2.6938055155E-03   3.6979186084E-02
   11     -5.2254286388E-02  -2.9782786953E-03   2.6130047855E-03  -2.4822189887E-03   4.4059811168E-02
   12     -1.6298437766E-03  -3.9813356468E-02  -2.4589002391E-02  -3.5536543038E-03  -1.5104961145E-01
   13      5.9763673974E-03  -6.2014658732E-02   4.0467413938E-02  -5.6166562914E-03   5.2934350583E-02
   14      2.7935382444E-03  -3.2019033473E-03  -2.3593538142E-03   4.2857880014E-03  -8.6014944811E-03
   15     -3.3438246627E-03  -3.2172203060E-01  -9.8752264404E-03  -2.2187623743E-02   4.9980188304E-02
   16     -1.6009378960E-03   4.9230141027E-02  -1.3170838133E-01   4.9683662384E-03   2.3975539332E-03
   17     -4.1763121523E-03  -2.2821983416E-02  -1.0846346157E-04  -6.0773586520E-02   3.8311497016E-03
   18     -2.1685901993E-03   7.6134287842E-05  -1.0768830191E-02  -7.2995652188E-04  -1.6003102094E-02
   19      6.8133137298E-04  -1.2733095095E-02   6.3243452663E-03  -1.0656392262E-03   3.3541495287E-02
   20     -7.9767407900E-02  -6.4783722574E-04  -9.3932562200E-04   9.3757357970E-03  -1.2117766550E-03
   21     -2.6307990998E-03  -5.7510829044E-03   3.7275114581E-04  -4.1042901977E-04  -1.4630892539E-01
   22     -2.3181096570E-03  -3.9965602932E-03  -7.6007873310E-04  -3.8658061336E-04  -1.1395623203E-01
   23     -9.6363776731E-04  -2.9491423152E-04  -7.2173697051E-06  -1.7097348260E-03  -8.9064859718E-03
   24     -1.5976093229E-03  -5.2419781517E-03  -3.8858704146E-04  -8.4344260999E-04   7.6557795434E-04
   25     -2.1195866628E-03   2.8513893686E-02   1.3087433041E-03   2.4529895409E-03  -1.8807501657E-03
   26      3.7631733906E-03  -1.1079620297E-03   2.1841927159E-05   4.4232516468E-03  -4.2074982260E-04
   27     -7.1750139160E-04  -1.5754664327E-01  -1.3524516234E-01  -8.9478193099E-03  -5.0994382284E-04
   28      4.2694519576E-04  -1.3485154237E-01  -2.4026610234E-01  -9.4727661678E-03   9.2671096158E-04
   29      7.6286373135E-03  -8.9467839629E-03  -9.5172160871E-03  -3.7196393958E-02   4.2891371404E-05
   30     -3.8342469697E-04   1.0344576978E-05  -3.3608448314E-03  -6.3379625030E-04  -7.5987707263E-03
   31      8.8248795967E-05  -2.8004462141E-03  -4.1252722274E-03  -1.2690492304E-04   2.9454515679E-02
   32      6.0332467950E-03  -6.4267034606E-04  -1.4821606583E-04   7.4332427662E-03  -1.1359764179E-03
   33     -6.1608288747E-05  -7.2210207528E-03   2.9343723831E-02  -1.2041237525E-03  -1.2097863488E-03
   34     -9.3547369320E-05  -9.8183126522E-04   1.4579623530E-03  -5.4182849749E-05  -3.1813938272E-03
   35     -3.6910489683E-04  -9.4977621310E-04   2.5202254935E-03   3.8436417470E-03  -7.5842997300E-04
   36      3.8810121664E-04   6.5024660867E-03  -5.7000779397E-04   5.9814720770E-04  -4.4906245744E-02
   37      6.0861766301E-04   3.8887004588E-03  -8.0255040298E-05   3.6436819065E-04  -2.5491950264E-02
   38      1.5863832073E-03   5.1364751767E-04  -5.7436955872E-05  -9.8029357716E-06  -2.3455396565E-03
   39     -1.9241644078E-05  -4.0953500611E-03   7.4916227297E-04  -3.6613640175E-04   1.7766056402E-02
   40      5.3497424171E-05  -2.9734608156E-03   6.1592051542E-04  -2.5720392677E-04   3.7431124369E-03
   41      4.4787894247E-04  -3.3149116622E-04   6.0857136315E-05   1.4984358464E-04   7.6854179451E-04
   42     -7.4756512012E-03  -1.8462224040E-03   3.7234072413E-03  -9.7058266740E-05   7.2438633449E-03
   43      4.4785052555E-03   1.8587301022E-03   1.4183245052E-03   1.1410111824E-04  -4.6870915017E-03
   44      1.8748355812E-02  -1.3558780043E-04   3.4319708003E-04  -9.7581720590E-04   4.8326349755E-04
   45     -2.9094938150E-04   2.9325423130E-03  -9.6643205433E-04   4.3161223742E-04  -7.3702204031E-03
   46     -2.2653675048E-03   1.5972964018E-03  -4.9433329170E-03   2.5972759188E-04  -8.7370868072E-03
   47      1.9239748308E-02   3.1482011891E-04  -6.7759703026E-05  -1.4013708600E-03  -7.8694758129E-04
                   10                 11                 12                 13                 14        
    0     -2.1559231266E-02  -2.8534264683E-03  -1.0588600713E-03  -7.6269499622E-03   9.0578204574E-05
    1      3.3100686889E-02  -5.1249373804E-03  -5.7554468855E-03  -5.4894021672E-02  -3.8389254466E-05
    2     -2.0671086364E-03   2.2746831734E-03  -4.5695505980E-05  -2.0406733535E-04  -1.3517278184E-03
    3     -7.1168887404E-03  -1.9321881393E-02  -1.2864864567E-02   6.9216682273E-02  -2.0303100356E-03
    4     -1.1335278583E-01   2.6757808717E-03   3.1456150433E-02   1.1083545458E-02   2.5329609876E-03
    5     -1.7736672717E-04  -5.2254286388E-02  -1.6298437766E-03   5.9763673974E-03   2.7935382444E-03
    6      3.0158157634E-02  -2.9782786953E-03  -3.9813356468E-02  -6.2014658732E-02  -3.2019033473E-03
    7     -1.7861775590E-02   2.6130047855E-03  -2.4589002391E-02   4.0467413938E-02  -2.3593538142E-03
    8      2.6938055155E-03  -2.4822189887E-03  -3.5536543038E-03  -5.6166562914E-03   4.2857880014E-03
    9      3.6979186084E-02   4.4059811168E-02  -1.5104961145E-01   5.2934350583E-02  -8.6014944811E-03
   10      6.2920629537E-01  -2.0597555985E-03   9.4291220806E-02  -2.4784264944E-01   9.8587425522E-03
   11     -2.0597555985E-03   1.2217237927E-01  -8.9445723394E-03   6.1858129556E-03  -5.6964496551E-02
   12      9.4291220806E-02  -8.9445723394E-03   7.4117922310E-01   1.8804322386E-02   5.1643997916E-02
   13     -2.4784264944E-01   6.1858129556E-03   1.8804322386E-02   6.4246830408E-01  -3.5282212624E-03
   14      9.8587425522E-03  -5.6964496551E-02   5.1643997916E-02  -3.5282212624E-03   1.2709686001E-01
   15     -3.6570419764E-02   4.3281027234E-03  -2.0572808905E-01  -7.3950282513E-02  -1.1641433638E-02
   16     -5.7753647994E-02   8.0644800400E-04  -1.3287298925E-01  -2.6874630734E-01  -8.9292589247E-03
   17     -2.4406702260E-03   3.4639057135E-03  -1.1106004611E-02  -4.0465213780E-03  -5.7952719979E-02
   18      3.0574389325E-02  -1.3097180845E-03  -7.3579745278E-03  -9.2348492355E-04  -1.3884007039E-03
   19      1.1867868142E-03   2.8944280741E-03  -1.3948138665E-03   6.7734331146E-03  -1.8504625411E-04
   20      2.3776247124E-03  -4.2760747672E-03  -1.2765075378E-03  -7.6635414325E-05   7.8347603661E-03
   21     -1.2372083167E-01  -9.0848219496E-03   7.8802286916E-03  -2.3028974624E-02   5.7470035205E-04
   22     -1.9744403037E-01  -7.8121482588E-03  -2.2376582808E-02  -5.7060363716E-02  -1.2918254514E-03
   23     -8.2558115311E-03  -2.5147623796E-02   6.8017165284E-04  -1.2852999106E-03   3.4227499756E-03
   24     -2.6543767312E-03  -3.7940697864E-04   7.1638060916E-04   1.6143407239E-04   2.1467623813E-04
   25     -4.1617334429E-03  -8.5390545843E-05  -1.7497787219E-04  -1.1115743449E-03  -1.9536798875E-05
   26     -7.0256714042E-05   5.2708495564E-03   2.1910054873E-04  -9.8950802463E-06  -1.3568124729E-03
   27      1.0143530503E-03   3.5886397715E-05  -5.3754250684E-03   1.9784605120E-03  -1.0608782523E-03
   28     -6.6466641206E-05   7.1798458573E-05   1.4545634279E-03   1.2972035179E-03   1.8845603418E-04
   29      8.7757647490E-05  -1.0790794092E-03  -1.0816090212E-03   2.1523396577E-04   6.9616065986E-03
   30     -1.5313981644E-03  -8.5679314337E-04  -3.3739479792E-01   3.0823883836E-02  -2.5516330919E-02
   31     -2.1641817423E-03   2.5064346245E-03   2.8691587018E-02  -5.9990114943E-02   2.5618207104E-03
   32     -8.6854860978E-05   2.5326811510E-03  -2.5519869117E-02   2.7285518537E-03  -3.7933238747E-02
   33     -3.8760099212E-03  -7.2413160409E-04   1.0850815772E-02  -1.8707358741E-02   7.6618680476E-04
   34     -1.6256029219E-03  -1.6877389935E-04   1.1658634902E-02  -1.8387972822E-02   1.1888315885E-03
   35     -2.6364073246E-04   7.7091284975E-03   5.0556617895E-04  -1.3487392713E-03   3.8928439952E-03
   36     -7.0710579546E-03  -2.2299275448E-03   6.9143507275E-03   1.9132065731E-02   2.5626265418E-04
   37     -1.8086863984E-02  -1.7002654430E-03   1.9663381927E-03   1.0058226894E-02   9.0530730347E-05
   38     -5.4564365029E-04  -1.2192960079E-02   3.9730679251E-04   1.3971233067E-03   1.5665127609E-03
   39      3.1117252810E-03   7.4202881236E-04  -6.4865705959E-03  -6.4748942989E-03  -4.2299321715E-04
   40      7.9403939984E-03   2.0558466643E-04  -3.3704575487E-03  -2.9479722219E-03  -2.4640821211E-04
   41      1.7991324576E-04   7.1425568071E-03  -4.7633008613E-04  -4.9101784744E-04  -2.3192267343E-04
   42      6.8273993655E-03   1.9180120065E-04  -1.3014579055E-03   3.7300400084E-04   1.3290017865E-04
   43     -7.0350251173E-03  -2.4916101013E-04   2.5099343108E-03  -1.1179659656E-03   1.9089127699E-04
   44      7.9343676260E-04   3.9362998401E-03  -2.8092620049E-05  -2.8372354311E-05  -1.6916226689E-03
   45      8.7500663998E-04  -6.3597493015E-04   9.1978579764E-04  -5.8038675647E-04   1.8620105416E-04
   46     -3.9628060434E-03  -7.5252072219E-04  -4.9544112825E-04  -7.5711346458E-05  -3.3010497466E-05
   47      2.1371624512E-04  -9.0989615688E-05   1.2133614210E-04  -1.0946286541E-04  -3.7581158305E-04
                   15                 16                 17                 18                 19        
    0     -1.6643667765E-02   3.7611775152E-02  -2.0897222644E-03   2.3972009274E-02   4.0349630646E-03
    1      7.5561794070E-02   1.8271369440E-02   6.2156626888E-03   2.8158968895E-03  -5.3691640135E-02
    2     -2.1059656942E-03   3.0540923881E-03   3.5230776823E-03   2.5616837094E-03   1.2056494413E-03
    3     -4.4351475452E-02  -1.8857951295E-02  -3.1795414189E-03  -1.0720835232E-01   1.6955509332E-03
    4     -2.3996053031E-02  -1.0136422705E-02  -1.9208713802E-03   3.6133078903E-04  -1.0203226408E-01
    5     -3.3438246627E-03  -1.6009378960E-03  -4.1763121523E-03  -2.1685901993E-03   6.8133137298E-04
    6     -3.2172203060E-01   4.9230141027E-02  -2.2821983416E-02   7.6134287842E-05  -1.2733095095E-02
    7     -9.8752264404E-03  -1.3170838133E-01  -1.0846346157E-04  -1.0768830191E-02   6.3243452663E-03
    8     -2.2187623743E-02   4.9683662384E-03  -6.0773586520E-02  -7.2995652188E-04  -1.0656392262E-03
    9      4.9980188304E-02   2.3975539332E-03   3.8311497016E-03  -1.6003102094E-02   3.3541495287E-02
   10     -3.6570419764E-02  -5.7753647994E-02  -2.4406702260E-03   3.0574389325E-02   1.1867868142E-03
   11      4.3281027234E-03   8.0644800400E-04   3.4639057135E-03  -1.3097180845E-03   2.8944280741E-03
   12     -2.0572808905E-01  -1.3287298925E-01  -1.1106004611E-02  -7.3579745278E-03  -1.3948138665E-03
   13     -7.3950282513E-02  -2.6874630734E-01  -4.0465213780E-03  -9.2348492355E-04   6.7734331146E-03
   14     -1.1641433638E-02  -8.9292589247E-03  -5.7952719979E-02  -1.3884007039E-03  -1.8504625411E-04
   15      6.6676897669E-01  -2.4906357369E-02   4.5317267317E-02  -4.8993779793E-03   2.0162753733E-03
   16     -2.4906357369E-02   7.3470656726E-01  -7.9991235597E-03  -1.5239394187E-03   5.3173111126E-04
   17      4.5317267317E-02  -7.9991235597E-03   1.3625113311E-01  -2.6506642990E-04   1.3218717866E-04
   18     -4.8993779793E-03  -1.5239394187E-03  -2.6506642990E-04   8.2664118624E-01   1.0717678892E-01
   19      2.0162753733E-03   5.3173111126E-04   1.3218717866E-04   1.0717678892E-01   6.5785792372E-01
   20     -3.2758151158E-04  -1.0569370094E-04  -1.6360437103E-03   5.9496400049E-02   9.5164803938E-03
   21      7.7531638625E-03   7.8623635290E-03   2.1127553915E-05   1.7573633847E-03  -1.6935047295E-02
   22      1.0609047212E-02   9.2801407044E-04   9.2049179462E-04   5.5260127426E-03  -4.7879315585E-03
   23      1.1333556274E-05   6.9970779233E-04   6.3504271466E-03  -8.1319461638E-05  -1.7220281386E-03
   24      1.0797104101E-03   1.5911737809E-03  -6.0622793673E-04  -3.9403818960E-03   1.0164574631E-03
   25      1.6515661154E-03  -5.0558946967E-03   2.6749624158E-04  -2.4380712419E-03   8.1156034069E-04
   26     -6.4773500438E-04   2.2353462662E-04   7.8299864097E-03   1.0646750270E-04   8.5981195509E-05
   27     -1.3142525713E-02  -2.6225234051E-02  -1.1089346268E-03   7.7639455226E-04   5.9933890564E-04
   28      4.4892521306E-03   7.0423774634E-03   3.5625537628E-04  -1.7253454272E-03  -8.2175497603E-07
   29     -1.3657074577E-03  -2.2635809150E-03   3.0001675318E-03  -1.1884064627E-05   6.7804381347E-05
   30     -1.2727912967E-02   4.2422469131E-03  -1.3906130338E-03  -2.3687111034E-04  -7.1212425754E-04
   31     -2.6184851195E-02   6.9975541359E-03  -2.2369775508E-03   1.3002733240E-03   4.1339149168E-04
   32     -1.1512585790E-03   3.0459098898E-04   3.4643707217E-03  -6.2270278889E-05  -3.5801166868E-05
   33     -1.0418504751E-01   1.0419508111E-01  -6.4285788932E-03   2.0669455345E-06   2.8555073517E-04
   34      1.0362625529E-01  -2.9263990268E-01   1.1049069893E-02   1.3989946669E-04  -8.9730343291E-06
   35     -6.3891516413E-03   1.1040853437E-02  -3.9593592958E-02   1.1258018992E-04   5.9345425119E-05
   36     -6.2835804905E-03  -3.2533000253E-03  -4.9036668634E-04  -9.8020319007E-03   9.1672461638E-03
   37     -3.5778756564E-03  -2.0261157229E-03  -2.8160311929E-04  -7.5103219191E-03   3.9387026151E-03
   38     -4.8298384632E-04  -2.2464150641E-04   1.8886162073E-04  -6.3308234541E-04   7.5597258975E-04
   39      3.3157430802E-03   8.8070568258E-04   2.9503155027E-04   6.7692760436E-03  -5.7479456365E-03
   40      2.1313067269E-03   7.5406872598E-04   1.6779505561E-04   5.4553708065E-03  -4.1108582527E-03
   41      3.0672398622E-04   5.2940657196E-05  -4.7052815109E-04   4.8961755397E-04  -4.3408511027E-04
   42      1.6868084119E-03  -1.5617293611E-04   1.2541883390E-04  -4.7907288544E-01   3.1343451584E-02
   43      1.4383489283E-03  -3.2029604014E-04   1.1166522769E-04   4.0119480910E-02  -1.3183205605E-01
   44      1.5634319089E-04  -1.7657409802E-05   1.7171138514E-04  -4.0786274138E-02   3.2907145533E-03
   45     -1.2345395912E-03   6.2665149560E-05  -1.3368656188E-04  -2.3157082569E-01  -1.5242598461E-01
   46     -2.5675827214E-03  -8.0456380083E-04  -1.9310695548E-04  -1.6871630931E-01  -3.8106691956E-01
   47     -1.1532086695E-04   2.6823219103E-05   3.7043552730E-04  -1.5289396934E-02  -1.5145774685E-02
                   20                 21                 22                 23                 24        
    0      2.1672214261E-03  -4.1474023420E-03   3.0197126104E-03  -7.2621512430E-04  -3.3924944408E-01
    1      8.6538940650E-04   3.0349721849E-03   1.7229936232E-03   4.3370408111E-04   3.1864456247E-02
    2     -2.0547243931E-03  -1.0063181487E-03   1.0632450211E-04   4.7396353265E-03  -2.5823219560E-02
    3     -2.1531308717E-03  -3.5676354153E-02  -2.6990077269E-02  -2.6476714421E-03  -1.4660871225E-02
    4      6.7726470765E-04  -2.5292518112E-02   3.4615451459E-03  -2.1400763439E-03   1.8929069921E-03
    5     -7.9767407900E-02  -2.6307990998E-03  -2.3181096570E-03  -9.6363776731E-04  -1.5976093229E-03
    6     -6.4783722574E-04  -5.7510829044E-03  -3.9965602932E-03  -2.9491423152E-04  -5.2419781517E-03
    7     -9.3932562200E-04   3.7275114581E-04  -7.6007873310E-04  -7.2173697051E-06  -3.8858704146E-04
    8      9.3757357970E-03  -4.1042901977E-04  -3.8658061336E-04  -1.7097348260E-03  -8.4344260999E-04
    9     -1.2117766550E-03  -1.4630892539E-01  -1.1395623203E-01  -8.9064859718E-03   7.6557795434E-04
   10      2.3776247124E-03  -1.2372083167E-01  -1.9744403037E-01  -8.2558115311E-03  -2.6543767312E-03
   11     -4.2760747672E-03  -9.0848219496E-03  -7.8121482588E-03  -2.5147623796E-02  -3.7940697864E-04
   12     -1.2765075378E-03   7.8802286916E-03  -2.2376582808E-02   6.8017165284E-04   7.1638060916E-04
   13     -7.6635414325E-05  -2.3028974624E-02  -5.7060363716E-02  -1.2852999106E-03   1.6143407239E-04
   14      7.8347603661E-03   5.7470035205E-04  -1.2918254514E-03   3.4227499756E-03   2.1467623813E-04
   15     -3.2758151158E-04   7.7531638625E-03   1.0609047212E-02   1.1333556274E-05   1.0797104101E-03
   16     -1.0569370094E-04   7.8623635290E-03   9.2801407044E-04   6.9970779233E-04   1.5911737809E-03
   17     -1.6360437103E-03   2.1127553915E-05   9.2049179462E-04   6.3504271466E-03  -6.0622793673E-04
   18      5.9496400049E-02   1.7573633847E-03   5.5260127426E-03  -8.1319461638E-05  -3.9403818960E-03
   19      9.5164803938E-03  -1.6935047295E-02  -4.7879315585E-03  -1.7220281386E-03   1.0164574631E-03
   20      2.3438477557E-01   4.5329481437E-04   5.4220695490E-04  -2.0730027096E-03  -2.1220945524E-05
   21      4.5329481437E-04   9.2118589765E-01   6.9788820043E-01   6.2771609296E-02  -5.9442679566E-04
   22      5.4220695490E-04   6.9788820043E-01   6.6754205328E-01   4.8879750720E-02  -1.2290425245E-05
   23     -2.0730027096E-03   6.2771609296E-02   4.8879750720E-02   4.0400461098E-02  -1.2788735805E-04
   24     -2.1220945524E-05  -5.9442679566E-04  -1.2290425245E-05  -1.2788735805E-04   3.5862628785E-01
   25     -3.1370627330E-04  -1.3856642665E-03   3.6482663665E-04  -8.6876748652E-05  -3.7297741058E-02
   26     -4.6269428412E-03  -7.7664781050E-05   2.0446327544E-05   9.0428456011E-04   2.8554142397E-02
   27     -5.2327777675E-06   4.1080006816E-05  -8.9608456604E-05   6.6151648184E-05   6.4767871182E-04
   28     -1.1202244213E-04   1.0578552258E-04   6.7955424686E-05  -2.6800134556E-05  -1.8759703750E-04
   29      9.1684215539E-04   6.1552902460E-05  -3.8525443668E-05  -8.7908239832E-04   4.5481021577E-04
   30     -1.3599078086E-04   4.7599081595E-04  -1.1700423809E-03   3.1469516013E-04   2.3968644176E-05
   31      1.1452759304E-04   1.8044423805E-03   1.0708003736E-03   1.1092210549E-04  -1.4206568337E-05
   32      1.0195650628E-03   3.4006226952E-04  -8.9203810529E-05  -3.3165588455E-03   8.7204625725E-05
   33      1.2406851768E-04   3.3174864348E-04  -6.8074363596E-04   4.1281388592E-05  -3.5046717822E-04
   34      2.1503019605E-05   9.9367088608E-05  -8.1901896610E-04  -2.0023727514E-05  -1.3315279889E-04
   35     -1.5899111327E-03   1.3997536455E-04   3.9424070372E-05   1.3345724204E-04   4.8557293545E-06
   36     -9.5505202284E-04  -7.0443467344E-01  -5.1714278524E-01  -4.7385654293E-02  -9.5990561695E-05
   37     -7.7978554005E-04  -5.1251844337E-01  -4.1121271664E-01  -3.6192247082E-02   1.1976831774E-05
   38     -5.6651619324E-04  -4.7126422413E-02  -3.6380843413E-02  -3.4339306500E-02  -2.4208369831E-05
   39      6.8427318335E-04  -3.8591700879E-02  -3.2035064016E-02  -3.6307734990E-03  -2.7841725762E-05
   40      5.6871620464E-04  -1.8743680747E-02  -7.5458479369E-04  -1.3580378685E-03  -3.8940175306E-05
   41      2.9779679871E-04  -3.4332042138E-03  -2.0993944605E-03   1.2174174421E-02   2.3650545768E-05
   42     -4.0691312054E-02  -2.5520065932E-03  -4.1677956147E-03  -5.2567254569E-05   1.9341722033E-03
   43      4.0702175102E-03   2.3407630242E-03  -2.0264536317E-04   1.9716399117E-04   4.1668414041E-03
   44     -8.0418321610E-02  -3.4696311716E-04  -4.5299281053E-04  -1.1834884413E-04   1.0923082055E-04
   45     -1.5500921648E-02  -1.1742230762E-03   5.7381068788E-03  -1.6175178781E-05   5.4947957279E-04
   46     -1.6440154007E-02   8.1157787527E-03  -2.1579378100E-03   7.7160819698E-04   1.3926242884E-05
   47     -7.6871384946E-02  -3.8198534489E-06   4.6572367374E-04   5.3736266908E-04   4.1809868005E-05
                   25                 26                 27                 28                 29        
    0      3.3426684506E-02  -2.5821817305E-02   1.1037789230E-02  -1.7970598224E-02   8.3116134572E-04
    1     -5.9313597550E-02   2.9277639537E-03   1.2793871838E-02  -1.9135458806E-02   1.3411036304E-03
    2      2.9850216992E-03  -3.9524582052E-02   4.4060454571E-04  -1.4457093958E-03   3.0628640882E-03
    3     -2.4646522357E-02  -1.3687011641E-03  -4.1616051062E-04   3.7585385179E-03  -7.1605602422E-04
    4      7.8722144167E-03   4.0274942777E-05   2.6180203364E-03  -2.8821469402E-03   3.0073653688E-04
    5     -2.1195866628E-03   3.7631733906E-03  -7.1750139160E-04   4.2694519576E-04   7.6286373135E-03
    6      2.8513893686E-02  -1.1079620297E-03  -1.5754664327E-01  -1.3485154237E-01  -8.9467839629E-03
    7      1.3087433041E-03   2.1841927159E-05  -1.3524516234E-01  -2.4026610234E-01  -9.5172160871E-03
    8      2.4529895409E-03   4.4232516468E-03  -8.9478193099E-03  -9.4727661678E-03  -3.7196393958E-02
    9     -1.8807501657E-03  -4.2074982260E-04  -5.0994382284E-04   9.2671096158E-04   4.2891371404E-05
   10     -4.1617334429E-03  -7.0256714042E-05   1.0143530503E-03  -6.6466641206E-05   8.7757647490E-05
   11     -8.5390545843E-05   5.2708495564E-03   3.5886397715E-05   7.1798458573E-05  -1.0790794092E-03
   12     -1.7497787219E-04   2.1910054873E-04  -5.3754250684E-03   1.4545634279E-03  -1.0816090212E-03
   13     -1.1115743449E-03  -9.8950802463E-06   1.9784605120E-03   1.2972035179E-03   2.1523396577E-04
   14     -1.9536798875E-05  -1.3568124729E-03  -1.0608782523E-03   1.8845603418E-04   6.9616065986E-03
   15      1.6515661154E-03  -6.4773500438E-04  -1.3142525713E-02   4.4892521306E-03  -1.3657074577E-03
   16     -5.0558946967E-03   2.2353462662E-04  -2.6225234051E-02   7.0423774634E-03  -2.2635809150E-03
   17      2.6749624158E-04   7.8299864097E-03  -1.1089346268E-03   3.5625537628E-04   3.0001675318E-03
   18     -2.4380712419E-03   1.0646750270E-04   7.7639455226E-04  -1.7253454272E-03  -1.1884064627E-05
   19      8.1156034069E-04   8.5981195509E-05   5.9933890564E-04  -8.2175497603E-07   6.7804381347E-05
   20     -3.1370627330E-04  -4.6269428412E-03  -5.2327777675E-06  -1.1202244213E-04   9.1684215539E-04
   21     -1.3856642665E-03  -7.7664781050E-05   4.1080006816E-05   1.0578552258E-04   6.1552902460E-05
   22      3.6482663665E-04   2.0446327544E-05  -8.9608456604E-05   6.7955424686E-05  -3.8525443668E-05
   23     -8.6876748652E-05   9.0428456011E-04   6.6151648184E-05  -2.6800134556E-05  -8.7908239832E-04
   24     -3.7297741058E-02   2.8554142397E-02   6.4767871182E-04  -1.8759703750E-04   4.5481021577E-04
   25      6.1324389985E-02  -3.4987046416E-03  -3.7085145743E-04   1.1893005315E-03  -8.6265599218E-05
   26     -3.4987046416E-03   2.8029433221E-02   4.5272577543E-04  -4.6371248870E-05  -4.3822310276E-03
   27     -3.7085145743E-04   4.5272577543E-04   1.6412034495E-01   1.4376249984E-01   1.0346013721E-02
   28      1.1893005315E-03  -4.6371248870E-05   1.4376249984E-01   2.5323606127E-01   9.9715850294E-03
   29     -8.6265599218E-05  -4.3822310276E-03   1.0346013721E-02   9.9715850294E-03   2.6151185140E-02
   30      2.9444553892E-05   9.5124118929E-05  -6.7996336812E-04   2.8671081527E-04  -6.1324948523E-05
   31      1.0458698906E-04  -1.1391687157E-05  -1.3520807152E-03   2.2479208311E-04  -1.1894975447E-04
   32     -9.4335033657E-06  -6.8830394360E-04  -3.2238291353E-05   3.2431055294E-05  -4.1594860477E-05
   33      1.3626254801E-03  -6.5310521722E-06   1.2154399873E-03  -1.7835196199E-04   4.0926588335E-04
   34     -1.8830891794E-05  -2.4237106432E-05   1.1037152265E-04   5.1737595963E-04  -1.6471360315E-05
   35      1.0924665301E-04  -3.3494609764E-04   4.0049230226E-04  -6.9327274785E-05  -3.6473555033E-03
   36     -1.8389722884E-04  -7.3802921339E-05   1.6889712789E-04  -8.4087068418E-05   4.5856374926E-06
   37      2.9292306314E-06  -5.0898279455E-05   1.1296167646E-04   2.8473387837E-06   7.5040905391E-06
   38     -1.2299644952E-05   8.8042215822E-05   2.0358243470E-05   2.3907977029E-06  -1.9701813926E-05
   39     -2.2183244885E-04   5.9312237603E-05  -1.1343243215E-04  -3.1826856450E-05   1.9596121293E-06
   40     -3.7355458879E-04   2.7878721918E-05  -9.7028542727E-05  -7.4375796389E-05   3.0709873298E-06
   41     -1.7607746229E-05  -1.5868455685E-04  -2.5095604089E-05  -1.3488603869E-05   8.5816601732E-05
   42      2.2346989694E-03   1.0520260424E-04  -3.0607877103E-05   3.1911622013E-04   8.5572646400E-06
   43     -4.0786368039E-03   4.3691146541E-04  -8.1787574609E-05  -1.4833190929E-04   9.4194673549E-07
   44      2.7720445497E-04   4.0405506542E-04  -2.5762616903E-08   2.8999667797E-05   7.0098818599E-06
   45      1.3433300787E-03  -5.1648881840E-05  -3.7931153866E-05   1.3356449042E-04   3.3171872465E-05
   46      1.1335461620E-03  -7.3832542576E-05   5.1798904238E-04  -9.3654173834E-04   4.8702132855E-05
   47      1.4350165043E-04   3.9654716352E-04   4.7376370614E-05   1.8840370421E-06  -5.4799735277E-04
                   30                 31                 32                 33                 34        
    0      7.0612081014E-04  -1.2877541898E-04   1.8189185200E-04  -5.9007576442E-03   1.6434750145E-04
    1     -3.5409878761E-04  -1.1419241220E-03  -2.8549739949E-05  -3.0835511672E-04   1.6639647598E-03
    2      1.2158350046E-04  -5.7322253607E-06  -1.1291038418E-03  -1.1552341899E-03   1.5683819284E-04
    3      1.3526081199E-03   3.3967693045E-05  -4.6859555862E-04  -1.1572190070E-03  -8.7525199167E-04
    4      1.9169433210E-03  -4.3823484843E-03   2.3597315582E-04  -9.7183446304E-04   5.1467000172E-04
    5     -3.8342469697E-04   8.8248795967E-05   6.0332467950E-03  -6.1608288747E-05  -9.3547369320E-05
    6      1.0344576978E-05  -2.8004462141E-03  -6.4267034606E-04  -7.2210207528E-03  -9.8183126522E-04
    7     -3.3608448314E-03  -4.1252722274E-03  -1.4821606583E-04   2.9343723831E-02   1.4579623530E-03
    8     -6.3379625030E-04  -1.2690492304E-04   7.4332427662E-03  -1.2041237525E-03  -5.4182849749E-05
    9     -7.5987707263E-03   2.9454515679E-02  -1.1359764179E-03  -1.2097863488E-03  -3.1813938272E-03
   10     -1.5313981644E-03  -2.1641817423E-03  -8.6854860978E-05  -3.8760099212E-03  -1.6256029219E-03
   11     -8.5679314337E-04   2.5064346245E-03   2.5326811510E-03  -7.2413160409E-04  -1.6877389935E-04
   12     -3.3739479792E-01   2.8691587018E-02  -2.5519869117E-02   1.0850815772E-02   1.1658634902E-02
   13      3.0823883836E-02  -5.9990114943E-02   2.7285518537E-03  -1.8707358741E-02  -1.8387972822E-02
   14     -2.5516330919E-02   2.5618207104E-03  -3.7933238747E-02   7.6618680476E-04   1.1888315885E-03
   15     -1.2727912967E-02  -2.6184851195E-02  -1.1512585790E-03  -1.0418504751E-01   1.0362625529E-01
   16      4.2422469131E-03   6.9975541359E-03   3.0459098898E-04   1.0419508111E-01  -2.9263990268E-01
   17     -1.3906130338E-03  -2.2369775508E-03   3.4643707217E-03  -6.4285788932E-03   1.1049069893E-02
   18     -2.3687111034E-04   1.3002733240E-03  -6.2270278889E-05   2.0669455345E-06   1.3989946669E-04
   19     -7.1212425754E-04   4.1339149168E-04  -3.5801166868E-05   2.8555073517E-04  -8.9730343291E-06
   20     -1.3599078086E-04   1.1452759304E-04   1.0195650628E-03   1.2406851768E-04   2.1503019605E-05
   21      4.7599081595E-04   1.8044423805E-03   3.4006226952E-04   3.3174864348E-04   9.9367088608E-05
   22     -1.1700423809E-03   1.0708003736E-03  -8.9203810529E-05  -6.8074363596E-04  -8.1901896610E-04
   23      3.1469516013E-04   1.1092210549E-04  -3.3165588455E-03   4.1281388592E-05  -2.0023727514E-05
   24      2.3968644176E-05  -1.4206568337E-05   8.7204625725E-05  -3.5046717822E-04  -1.3315279889E-04
   25      2.9444553892E-05   1.0458698906E-04  -9.4335033657E-06   1.3626254801E-03  -1.8830891794E-05
   26      9.5124118929E-05  -1.1391687157E-05  -6.8830394360E-04  -6.5310521722E-06  -2.4237106432E-05
   27     -6.7996336812E-04  -1.3520807152E-03  -3.2238291353E-05   1.2154399873E-03   1.1037152265E-04
   28      2.8671081527E-04   2.2479208311E-04   3.2431055294E-05  -1.7835196199E-04   5.1737595963E-04
   29     -6.1324948523E-05  -1.1894975447E-04  -4.1594860477E-05   4.0926588335E-04  -1.6471360315E-05
   30      3.5496013228E-01  -3.1218866517E-02   2.7948899364E-02   5.7646889128E-04   1.1867103673E-04
   31     -3.1218866517E-02   6.3216485012E-02  -2.8923550588E-03   3.4374358528E-04   9.3130519513E-04
   32      2.7948899364E-02  -2.8923550588E-03   2.7297093996E-02   4.0867592551E-04  -4.9755584245E-05
   33      5.7646889128E-04   3.4374358528E-04   4.0867592551E-04   1.0711649247E-01  -1.1096023210E-01
   34      1.1867103673E-04   9.3130519513E-04  -4.9755584245E-05  -1.1096023210E-01   3.0861009142E-01
   35      4.0745089378E-04  -1.7633470127E-05  -4.2037043151E-03   7.8132726792E-03  -1.1921128528E-02
   36      8.0432848968E-04  -7.6885370148E-04   5.0196824471E-05  -6.8461575642E-06   6.5034239935E-04
   37      4.7015340323E-04  -5.4678672511E-04   1.0984421034E-05  -2.4347226447E-05   3.1491641396E-04
   38      6.4454770388E-05  -5.3328524790E-05  -1.9532640693E-04   1.1478146263E-05   5.0790680242E-05
   39     -2.4079027226E-04   1.9378028180E-04  -1.5217044579E-05  -1.2402851358E-04  -6.4187546938E-04
   40     -7.1986278102E-06   1.3241590964E-04   1.4833241108E-05  -4.8249914040E-05  -4.2155081885E-04
   41     -3.3222263523E-05   1.4169042830E-05   2.4496765593E-04  -1.3335332321E-05  -4.1042210801E-05
   42     -3.0866996623E-04   6.4559805448E-04  -5.2584743074E-06   6.1166876263E-05   3.4980658669E-05
   43      2.8677223585E-04  -6.6677493339E-04   1.9568718496E-05   2.4554749048E-04  -1.1270315739E-05
   44      1.1628145689E-05   6.4366247481E-05  -4.3712850684E-04  -1.9873465601E-05   8.8360906010E-06
   45      1.4745185786E-04   2.8160297428E-05   4.9843159186E-06   7.5430184950E-05   1.3734563521E-06
   46      2.5929838584E-04  -8.1499482728E-05  -1.0729549170E-07  -4.8565499425E-05  -6.6698697816E-06
   47      3.6651296343E-05   3.8463738040E-06  -8.2515021786E-05   1.1161261234E-06  -2.8980136914E-06
                   35                 36                 37                 38                 39        
    0     -1.1305690717E-03  -1.0684657522E-03  -4.4184310830E-04  -1.3941313844E-04  -4.7977575086E-04
    1      5.8468155285E-05   5.2140409474E-03   2.7378914470E-03   4.3425289935E-04  -4.5615035900E-03
    2      7.1114821232E-03  -4.5637060440E-04  -2.6021758013E-04   8.4618397164E-04   2.9713617694E-04
    3     -3.7205382601E-05   5.7706203008E-03   7.1974460152E-03   1.8567451732E-04   8.6471551975E-05
    4     -1.2245836327E-04  -1.0056054441E-02  -5.2242208508E-03  -7.6814666825E-04   4.0910896748E-03
    5     -3.6910489683E-04   3.8810121664E-04   6.0861766301E-04   1.5863832073E-03  -1.9241644078E-05
    6     -9.4977621310E-04   6.5024660867E-03   3.8887004588E-03   5.1364751767E-04  -4.0953500611E-03
    7      2.5202254935E-03  -5.7000779397E-04  -8.0255040298E-05  -5.7436955872E-05   7.4916227297E-04
    8      3.8436417470E-03   5.9814720770E-04   3.6436819065E-04  -9.8029357716E-06  -3.6613640175E-04
    9     -7.5842997300E-04  -4.4906245744E-02  -2.5491950264E-02  -2.3455396565E-03   1.7766056402E-02
   10     -2.6364073246E-04  -7.0710579546E-03  -1.8086863984E-02  -5.4564365029E-04   3.1117252810E-03
   11      7.7091284975E-03  -2.2299275448E-03  -1.7002654430E-03  -1.2192960079E-02   7.4202881236E-04
   12      5.0556617895E-04   6.9143507275E-03   1.9663381927E-03   3.9730679251E-04  -6.4865705959E-03
   13     -1.3487392713E-03   1.9132065731E-02   1.0058226894E-02   1.3971233067E-03  -6.4748942989E-03
   14      3.8928439952E-03   2.5626265418E-04   9.0530730347E-05   1.5665127609E-03  -4.2299321715E-04
   15     -6.3891516413E-03  -6.2835804905E-03  -3.5778756564E-03  -4.8298384632E-04   3.3157430802E-03
   16      1.1040853437E-02  -3.2533000253E-03  -2.0261157229E-03  -2.2464150641E-04   8.8070568258E-04
   17     -3.9593592958E-02  -4.9036668634E-04  -2.8160311929E-04   1.8886162073E-04   2.9503155027E-04
   18      1.1258018992E-04  -9.8020319007E-03  -7.5103219191E-03  -6.3308234541E-04   6.7692760436E-03
   19      5.9345425119E-05   9.1672461638E-03   3.9387026151E-03   7.5597258975E-04  -5.7479456365E-03
   20     -1.5899111327E-03  -9.5505202284E-04  -7.7978554005E-04  -5.6651619324E-04   6.8427318335E-04
   21      1.3997536455E-04  -7.0443467344E-01  -5.1251844337E-01  -4.7126422413E-02  -3.8591700879E-02
   22      3.9424070372E-05  -5.1714278524E-01  -4.1121271664E-01  -3.6380843413E-02  -3.2035064016E-02
   23      1.3345724204E-04  -4.7385654293E-02  -3.6192247082E-02  -3.4339306500E-02  -3.6307734990E-03
   24      4.8557293545E-06  -9.5990561695E-05   1.1976831774E-05  -2.4208369831E-05  -2.7841725762E-05
   25      1.0924665301E-04  -1.8389722884E-04   2.9292306314E-06  -1.2299644952E-05  -2.2183244885E-04
   26     -3.3494609764E-04  -7.3802921339E-05  -5.0898279455E-05   8.8042215822E-05   5.9312237603E-05
   27      4.0049230226E-04   1.6889712789E-04   1.1296167646E-04   2.0358243470E-05  -1.1343243215E-04
   28     -6.9327274785E-05  -8.4087068418E-05   2.8473387837E-06   2.3907977029E-06  -3.1826856450E-05
   29     -3.6473555033E-03   4.5856374926E-06   7.5040905391E-06  -1.9701813926E-05   1.9596121293E-06
   30      4.0745089378E-04   8.0432848968E-04   4.7015340323E-04   6.4454770388E-05  -2.4079027226E-04
   31     -1.7633470127E-05  -7.6885370148E-04  -5.4678672511E-04  -5.3328524790E-05   1.9378028180E-04
   32     -4.2037043151E-03   5.0196824471E-05   1.0984421034E-05  -1.9532640693E-04  -1.5217044579E-05
   33      7.8132726792E-03  -6.8461575642E-06  -2.4347226447E-05   1.1478146263E-05  -1.2402851358E-04
   34     -1.1921128528E-02   6.5034239935E-04   3.1491641396E-04   5.0790680242E-05  -6.4187546938E-04
   35      2.6861817507E-02  -9.0155934397E-05  -9.1083841164E-05  -1.7730440412E-04   3.7308432583E-06
   36     -9.0155934397E-05   1.1499742664E+00   8.2350490324E-01   7.5528903350E-02  -4.1343109266E-01
   37     -9.1083841164E-05   8.2350490324E-01   7.1831351175E-01   5.8243696168E-02  -3.0033600433E-01
   38     -1.7730440412E-04   7.5528903350E-02   5.8243696168E-02   8.8041881850E-02  -2.6572368071E-02
