
$orca_hessian_file

$act_atom
  0

$act_coord
  0

$act_energy
     -604.055807

$hessian
48
                    0                  1                  2                  3                  4        
    0      7.5280182282E-01   7.7250324966E-04   5.3158002611E-02  -2.1627494606E-01  -1.3854558818E-01
    1      7.7250324966E-04   6.6650170571E-01  -4.8491171311E-03  -8.0060204280E-02  -2.6219517745E-01
    2      5.3158002611E-02  -4.8491171311E-03   1.3571357019E-01  -1.2956803333E-02  -1.0069840232E-02
    3     -2.1627494606E-01  -8.0060204280E-02  -1.2956803333E-02   6.4102875391E-01  -9.0755880148E-03
    4     -1.3854558818E-01  -2.6219517745E-01  -1.0069840232E-02  -9.0755880148E-03   7.4977469038E-01
    5     -1.2406980203E-02  -5.0636147971E-03  -5.8166538765E-02   4.4070904640E-02  -6.2607751611E-03
    6     -1.6009821638E-01   5.7765515547E-02  -9.1629407203E-03   4.9146928164E-02  -1.5379153554E-04
    7      1.0919899939E-01  -2.7782150538E-01   1.1397056575E-02  -4.4382462540E-02  -5.7597366459E-02
    8     -9.6601098232E-03   7.1032611580E-03  -6.1071506824E-02   4.1869344473E-03   5.6153547088E-04
    9     -4.1608222824E-02  -6.0469375305E-02  -3.3204254531E-03  -2.7922070076E-01   6.3765117147E-02
   10     -2.1469967778E-02   3.7366069839E-02  -2.0320750141E-03   2.3022521084E-02  -1.2563707075E-01
   11     -3.7337133832E-03  -5.4498853466E-03   4.0466033931E-03  -1.8913281066E-02   6.0562521055E-03
   12     -1.1346283275E-03  -1.0667847791E-02   2.5428112156E-04  -9.1799646180E-03   3.7663319878E-02
   13     -6.7311591374E-03  -5.4749644063E-02  -1.5709605634E-04   6.8787181712E-02   1.2021361907E-02
   14      2.2364432248E-04  -4.7894808348E-04  -3.0446256026E-03  -1.9810396634E-03   3.1825035803E-03
   15     -1.0547885981E-02   7.1518266064E-02  -2.1427945335E-03  -4.8970176804E-02  -2.0345959057E-02
   16      3.5231957460E-02   1.0868291944E-02   2.9634714698E-03  -1.6312734136E-02  -6.6599765653E-03
   17     -1.7907776900E-03   6.0979616176E-03   6.7916613008E-03  -3.7330998273E-03  -1.7066917344E-03
   18      1.0561318753E-02  -2.0527725602E-02   8.0517812410E-04  -9.1769854886E-02   9.2154549685E-02
   19      9.7484498907E-03  -1.7781438909E-02   1.0653118348E-03   9.3737407169E-02  -3.0685706087E-01
   20      4.8303237321E-04  -1.7097414384E-03   3.0718997394E-03  -5.5616395220E-03   1.0250406697E-02
   21     -2.7186664910E-03   7.6500561503E-03  -7.9061231382E-04  -4.1374167111E-02  -3.4682820836E-02
   22      4.1380932016E-03   7.3251938250E-03   3.5086289973E-04  -2.7236954012E-02  -2.1943010653E-03
   23     -7.6759559438E-04   5.9686694712E-04   5.7720841187E-03  -3.4911189291E-03  -2.9115101532E-03
   24     -3.3530738536E-01   4.4470868736E-02  -2.5756552730E-02  -1.2273886594E-02   3.9102834527E-03
   25      4.3244548552E-02  -6.2616024393E-02   3.8664199526E-03  -2.4778167056E-02   7.7891375216E-03
   26     -2.5637536664E-02   3.8816710866E-03  -3.9807413257E-02  -1.2275767085E-03   2.9295112824E-04
   27      1.6500195782E-02  -1.6963347779E-02   1.7319727897E-03   4.5151410564E-03   9.6902223891E-03
   28     -2.2090197247E-02  -3.8701099468E-02  -1.5480133452E-03   8.8235500857E-03  -2.1214952156E-03
   29      1.7733333167E-03  -1.0520699244E-03  -1.6344965340E-03  -4.5661970170E-04   8.9816652554E-04
   30      7.1494766774E-04  -3.4345675766E-04   1.7227968481E-04   1.2278835946E-03   1.9277984156E-03
   31     -3.2260975274E-04  -9.8932437323E-04  -3.1070207812E-05   8.4241674171E-04  -5.6436441857E-03
   32      1.7123542441E-04  -4.8415709834E-05  -1.0000736998E-03  -4.3293408699E-04   2.6570607287E-04
   33     -6.3216326335E-03  -3.9159210699E-04  -9.9140048800E-04  -7.7171966012E-04  -7.0530121088E-04
   34      8.9648644505E-05   1.4242681849E-03   6.2582120288E-05  -6.7101242188E-04   4.5102315244E-04
   35     -9.8332804995E-04  -1.6053173212E-04   5.1669417933E-03  -4.0608497442E-05  -3.2789836870E-05
   36     -1.9429345944E-03  -1.5501073757E-03  -2.5244236827E-04   5.6660449109E-03   3.1967521829E-04
   37     -1.6747728172E-03  -3.2530442923E-03  -1.5227032468E-04   1.0807443888E-02   5.3039957593E-03
   38     -2.0200081568E-04  -1.2055421076E-04   5.4038487340E-04   1.7819137231E-04  -5.0662261002E-05
   39      3.9866493480E-04   4.5845331270E-04   1.0428837204E-04  -2.0051789311E-04  -2.0028763199E-03
   40     -3.3735049115E-04   1.2948096507E-03  -2.7799482989E-05  -1.4937127939E-03  -5.7370619620E-03
   41      1.4847482518E-04  -1.2619613695E-04  -6.1942476375E-04  -6.1662308581E-05  -5.7406856794E-05
   42     -1.6711491233E-03   8.8674683429E-03  -2.7845844537E-04  -2.0971250977E-03  -1.9974999483E-03
   43     -2.7793190799E-03  -7.9914742206E-03  -1.5270644613E-04  -2.4985286147E-04   2.3429632983E-03
   44     -2.2845288916E-04   8.5066312828E-04   1.0740089201E-03  -1.2071833357E-04  -2.0919468356E-04
   45     -3.4122235605E-03  -6.3957992100E-04  -5.7814694363E-04   6.9239533537E-04  -1.9342523741E-03
   46     -8.3818540942E-03   1.7236639375E-03  -6.8138285499E-04  -1.6836342985E-03  -3.1679477789E-03
   47     -4.8327962911E-04  -1.2199938975E-04   3.1427424124E-03   1.6911135298E-04  -1.6341703523E-04
                    5                  6                  7                  8                  9        
    0     -1.2406980203E-02  -1.6009821638E-01   1.0919899939E-01  -9.6601098232E-03  -4.1608222824E-02
    1     -5.0636147971E-03   5.7765515547E-02  -2.7782150538E-01   7.1032611580E-03  -6.0469375305E-02
    2     -5.8166538765E-02  -9.1629407203E-03   1.1397056575E-02  -6.1071506824E-02  -3.3204254531E-03
    3      4.4070904640E-02   4.9146928164E-02  -4.4382462540E-02   4.1869344473E-03  -2.7922070076E-01
    4     -6.2607751611E-03  -1.5379153554E-04  -5.7597366459E-02   5.6153547088E-04   6.3765117147E-02
    5      1.2882564162E-01   3.7972246665E-03  -3.1563542839E-03   4.6661697284E-03  -1.9323359826E-02
    6      3.7972246665E-03   6.6017207489E-01  -1.0539028459E-01   4.5772419035E-02  -3.1962854168E-02
    7     -3.1563542839E-03  -1.0539028459E-01   6.2158438213E-01  -1.3561170811E-02   3.1903600973E-02
    8      4.6661697284E-03   4.5772419035E-02  -1.3561170811E-02   1.3928318725E-01  -2.5492448065E-03
    9     -1.9323359826E-02  -3.1962854168E-02   3.1903600973E-02  -2.5492448065E-03   6.2836413175E-01
   10      2.6298129001E-03   3.1944816616E-02  -1.9313026242E-02   2.8232228763E-03   2.3465653433E-02
   11     -6.1484918163E-02  -2.6244536810E-03   2.8310888757E-03  -4.7678037159E-03   4.2666870210E-02
   12     -1.7182685354E-03  -4.4472948392E-02  -1.8803156246E-02  -4.0152921388E-03  -1.4759680296E-01
   13      5.8314186667E-03  -6.3085335587E-02   3.6828435728E-02  -5.6624991861E-03   4.9346437308E-02
   14      6.8969175000E-03  -3.5702934898E-03  -1.8880282534E-03   4.0119505105E-03  -8.0704326937E-03
   15     -3.7091013436E-03  -3.0390445635E-01   2.8908148913E-02  -2.1081042644E-02   4.9750706017E-02
   16     -1.3739955852E-03   8.0231801892E-02  -1.3329665107E-01   7.5728265229E-03  -3.2504409019E-03
   17     -3.3688555595E-03  -2.1444143153E-02   3.1904324621E-03  -6.2052022992E-02   3.8788777233E-03
   18     -5.5075377153E-03  -2.2532251688E-03  -3.0574516036E-03  -8.3152857272E-04  -6.9922632721E-03
   19      1.0288938339E-02  -4.0308702631E-03  -1.0965700247E-03  -2.6304619896E-04  -1.9223462269E-03
   20     -3.6173177132E-02  -7.8970437346E-04  -2.1899682489E-04   7.7956518312E-03  -8.6311128258E-04
   21     -3.3961527049E-03  -4.3994616369E-03  -4.1608006033E-03  -2.5771080929E-04  -1.4699396582E-01
   22     -2.2747539148E-03  -4.1647666208E-03  -6.0361404742E-03  -3.7031801057E-04  -1.1743832753E-01
   23      2.2138646852E-03  -1.9673588664E-04  -3.1590995258E-04  -1.5067174218E-03  -9.1345534369E-03
   24     -1.3914463364E-03  -7.7274073641E-03   2.0787211411E-03  -1.0167807913E-03   5.0739943097E-04
   25     -2.1531880729E-03   2.8898956642E-02   1.3607029754E-03   2.4699201504E-03  -3.1395189504E-03
   26      3.7042693200E-03  -1.3756241579E-03   1.9743925681E-04   3.9497073941E-03  -7.1415690645E-04
   27     -4.7283019863E-04  -1.0428280224E-01   7.7208630280E-04  -2.0426809361E-03  -5.9488815795E-03
   28      7.7750754976E-04   7.8284097598E-04  -1.0423693107E-01   3.2600732836E-04  -1.0401763867E-03
   29      8.7389102130E-03  -2.0289575722E-03   3.3733375303E-04  -8.0989694747E-02  -3.4219097587E-04
   30     -4.0896964346E-04   2.7480031499E-04  -3.5007625119E-03  -6.3324673115E-04  -6.3464915387E-03
   31      1.7461350266E-04  -2.5196887251E-03  -3.6905975138E-03  -1.0983913601E-04   2.9748296174E-02
   32      5.8093531053E-03  -6.6054262130E-04  -2.1844431919E-04   7.8019257388E-03  -1.0574693274E-03
   33      5.1330035381E-05  -4.5927789215E-03   2.9441996984E-02  -9.9922029967E-04  -2.0419424698E-03
   34     -8.4000829594E-05   2.6861836766E-03  -1.5167441533E-03   2.7130208952E-04  -2.9803083755E-03
   35     -1.2502456832E-03  -8.2938759165E-04   2.5175101128E-03   4.0209682143E-03  -7.7070003282E-04
   36      3.3465491561E-04   4.1843702259E-03   4.3754547968E-03   3.1174829757E-04  -2.1447701609E-02
   37      8.8669295831E-04   4.3434634155E-03   5.5826243108E-03   3.2536094699E-04  -7.7225607860E-03
   38      1.6689803407E-03   2.2925928922E-04   2.7191007285E-04   1.1935553475E-04  -6.0777804416E-04
   39     -5.5334063174E-06  -2.3207629417E-03  -2.7787513769E-03  -1.5209296731E-04   9.3262914283E-03
   40     -7.1484699471E-05  -2.8138808815E-03  -3.4520997973E-03  -1.7792893070E-04  -1.2694162614E-03
   41      9.1278482920E-05  -2.4905851832E-04  -3.0429266305E-04   3.7409381602E-05   1.6808126848E-04
   42     -1.0604155272E-04  -6.7215252646E-02  -1.4743548114E-02  -7.1067882989E-03   1.7234519377E-03
   43     -3.9404882908E-05  -2.7125681795E-02   1.4840169469E-02  -2.2301730270E-03  -1.5091445392E-03
   44     -7.6719740889E-04  -7.0461929849E-03  -1.1757530656E-03   1.9061740532E-02   1.2096828125E-04
   45      2.0563094453E-04   1.9835862668E-02  -9.5692700255E-03   1.0768172118E-04   4.2147414193E-04
   46     -1.0406511217E-04   2.6813798004E-03  -7.2736329138E-02   9.3096486987E-04   2.3268247707E-03
   47     -1.4448057117E-03   1.7412124098E-05  -4.6324225458E-05   1.9652216821E-02   1.9419973215E-05
                   10                 11                 12                 13                 14        
    0     -2.1469967778E-02  -3.7337133832E-03  -1.1346283275E-03  -6.7311591374E-03   2.2364432248E-04
    1      3.7366069839E-02  -5.4498853466E-03  -1.0667847791E-02  -5.4749644063E-02  -4.7894808348E-04
    2     -2.0320750141E-03   4.0466033931E-03   2.5428112156E-04  -1.5709605634E-04  -3.0446256026E-03
    3      2.3022521084E-02  -1.8913281066E-02  -9.1799646180E-03   6.8787181712E-02  -1.9810396634E-03
    4     -1.2563707075E-01   6.0562521055E-03   3.7663319878E-02   1.2021361907E-02   3.1825035803E-03
    5      2.6298129001E-03  -6.1484918163E-02  -1.7182685354E-03   5.8314186667E-03   6.8969175000E-03
    6      3.1944816616E-02  -2.6244536810E-03  -4.4472948392E-02  -6.3085335587E-02  -3.5702934898E-03
    7     -1.9313026242E-02   2.8310888757E-03  -1.8803156246E-02   3.6828435728E-02  -1.8880282534E-03
    8      2.8232228763E-03  -4.7678037159E-03  -4.0152921388E-03  -5.6624991861E-03   4.0119505105E-03
    9      2.3465653433E-02   4.2666870210E-02  -1.4759680296E-01   4.9346437308E-02  -8.0704326937E-03
   10      6.4025225128E-01  -3.0839203226E-03   9.0137478057E-02  -2.5775571042E-01   9.6299447345E-03
   11     -3.0839203226E-03   1.3022694098E-01  -8.5358088658E-03   6.2210600290E-03  -6.0552840108E-02
   12      9.0137478057E-02  -8.5358088658E-03   7.4445267677E-01   1.1655806740E-02   5.3132726033E-02
   13     -2.5775571042E-01   6.2210600290E-03   1.1655806740E-02   6.4529255153E-01  -3.7499193876E-03
   14      9.6299447345E-03  -6.0552840108E-02   5.3132726033E-02  -3.7499193876E-03   1.2949084554E-01
   15     -4.2223434229E-02   4.2264900327E-03  -2.1690350635E-01  -8.0235834120E-02  -1.3079121336E-02
   16     -5.4858254026E-02   2.4845482023E-04  -1.3873793429E-01  -2.6143347526E-01  -1.0147650856E-02
   17     -3.0756031234E-03   4.6448319168E-03  -1.2482958331E-02  -5.0455077554E-03  -5.8150932223E-02
   18      2.9634621076E-02  -1.0884034344E-03  -5.8303538684E-03  -5.7838865790E-04  -9.9318481700E-04
   19     -8.3756472470E-04  -1.2660058853E-04   4.8287939740E-04   1.4644429377E-03   9.2245835519E-05
   20      2.3430538119E-03   2.6706147671E-03  -1.0292753680E-03  -1.5221936398E-04   5.7596570956E-03
   21     -1.1824025928E-01  -9.4746464780E-03   7.9341899920E-03  -1.7528650973E-02   5.9072886017E-04
   22     -1.9506365308E-01  -8.5686174615E-03  -2.4972991529E-02  -5.2146941632E-02  -1.6533821669E-03
   23     -8.1995517664E-03  -2.6072679522E-02   7.0198501108E-04  -9.6401864193E-04   2.5702455915E-03
   24     -2.4587855809E-03  -6.1989323014E-04   6.5664463516E-04  -3.7988357256E-04   1.6861669157E-04
   25     -3.2442513039E-03  -1.6351007260E-04  -3.6322543988E-04  -1.1446514222E-03  -3.4469642352E-05
   26     -6.5388804809E-05   8.0627952799E-03   2.1529835525E-04  -7.1361527103E-05  -1.2098755128E-03
   27     -1.0336121688E-03  -2.3323711486E-04  -5.3995413308E-03   6.8488997399E-03  -1.3029642844E-03
   28     -6.3997945746E-03  -1.0046870949E-04   7.6805267927E-03   7.7862135514E-03   7.3564632509E-04
   29     -4.6416605122E-05  -1.8807092894E-03  -1.2788796823E-03   6.0206220009E-04   8.6665050408E-03
   30     -1.7865797641E-03  -7.4467701017E-04  -3.3221949342E-01   4.5642837245E-02  -2.5805398375E-02
   31     -1.5145899863E-03   2.5694192143E-03   4.4050802666E-02  -6.4566312315E-02   4.0243060893E-03
   32     -1.5619457395E-04   2.6672475637E-03  -2.5757557537E-02   4.1028748411E-03  -3.7817288693E-02
   33     -3.4527325806E-03  -8.4198996566E-04   1.0854381287E-02  -2.0042603349E-02   7.6890439195E-04
   34     -7.6509868576E-04  -1.8336204976E-04   8.5497237315E-03  -1.5596567438E-02   9.2874259411E-04
   35     -3.0617463691E-04   8.0641848912E-03   5.6987695786E-04  -1.6134397995E-03   3.8473278923E-03
   36     -6.7828970981E-03  -2.5759633879E-04   3.4646860240E-03   1.0502937051E-02   7.9981707769E-05
   37     -2.3116864061E-02  -1.3491234898E-04   1.2473832030E-05   7.8978563929E-03  -4.3090889925E-05
   38     -5.2252873308E-04  -1.3436614072E-02   1.3894031375E-04   7.9380013224E-04   1.6476770490E-03
   39     -1.5196641278E-03   7.3458672472E-05  -4.8676570523E-03  -2.4232087560E-03  -3.9894160492E-04
   40      8.5382547399E-03  -2.1868745809E-04  -2.9035336884E-03  -1.0658996517E-03  -2.3639232708E-04
   41     -1.7306619879E-04   7.5973588306E-03  -3.4968700135E-04  -2.5431349611E-04   6.1162148701E-05
   42      2.5389740705E-03   7.1335174587E-05  -2.4508546895E-03  -2.3335905745E-03  -6.1315821495E-05
   43      6.9511126237E-04  -1.3000734484E-04  -2.4668329951E-03  -1.9843693564E-05  -2.3468355365E-04
   44      2.4114137129E-04   1.1586207514E-04  -4.1269640911E-05  -2.0377477027E-04  -1.4599045394E-03
   45     -1.8709269282E-03   1.8656314625E-05   2.5964289912E-03   5.6632987246E-04   2.9200952138E-04
   46      1.8810810894E-03   2.1455642249E-04  -1.1823262639E-03  -2.4091710686E-03  -1.1829145846E-04
   47     -1.8669122725E-04   1.1185978587E-04   3.0211469397E-04   4.3427899234E-05  -7.3110874795E-04
                   15                 16                 17                 18                 19        
    0     -1.0547885981E-02   3.5231957460E-02  -1.7907776900E-03   1.0561318753E-02   9.7484498907E-03
    1      7.1518266064E-02   1.0868291944E-02   6.0979616176E-03  -2.0527725602E-02  -1.7781438909E-02
    2     -2.1427945335E-03   2.9634714698E-03   6.7916613008E-03   8.0517812410E-04   1.0653118348E-03
    3     -4.8970176804E-02  -1.6312734136E-02  -3.7330998273E-03  -9.1769854886E-02   9.3737407169E-02
    4     -2.0345959057E-02  -6.6599765653E-03  -1.7066917344E-03   9.2154549685E-02  -3.0685706087E-01
    5     -3.7091013436E-03  -1.3739955852E-03  -3.3688555595E-03  -5.5075377153E-03   1.0288938339E-02
    6     -3.0390445635E-01   8.0231801892E-02  -2.1444143153E-02  -2.2532251688E-03  -4.0308702631E-03
    7      2.8908148913E-02  -1.3329665107E-01   3.1904324621E-03  -3.0574516036E-03  -1.0965700247E-03
    8     -2.1081042644E-02   7.5728265229E-03  -6.2052022992E-02  -8.3152857272E-04  -2.6304619896E-04
    9      4.9750706017E-02  -3.2504409019E-03   3.8788777233E-03  -6.9922632721E-03  -1.9223462269E-03
   10     -4.2223434229E-02  -5.4858254026E-02  -3.0756031234E-03   2.9634621076E-02  -8.3756472470E-04
   11      4.2264900327E-03   2.4845482023E-04   4.6448319168E-03  -1.0884034344E-03  -1.2660058853E-04
   12     -2.1690350635E-01  -1.3873793429E-01  -1.2482958331E-02  -5.8303538684E-03   4.8287939740E-04
   13     -8.0235834120E-02  -2.6143347526E-01  -5.0455077554E-03  -5.7838865790E-04   1.4644429377E-03
   14     -1.3079121336E-02  -1.0147650856E-02  -5.8150932223E-02  -9.9318481700E-04   9.2245835519E-05
   15      6.6564186136E-01  -1.6349809974E-02   4.5748514239E-02  -7.8246396259E-04  -6.4941328697E-04
   16     -1.6349809974E-02   7.5433793094E-01  -6.7806140923E-03  -6.0847433720E-04   4.9216879496E-04
   17      4.5748514239E-02  -6.7806140923E-03   1.3509251962E-01   2.8067133614E-05  -7.9054936561E-05
   18     -7.8246396259E-04  -6.0847433720E-04   2.8067133614E-05   9.5091535257E-02  -9.8012343647E-02
   19     -6.4941328697E-04   4.9216879496E-04  -7.9054936561E-05  -9.8012343647E-02   3.2387908569E-01
   20      8.9455797186E-07  -2.6094382111E-05  -1.0177336301E-03   6.7151316013E-03  -1.0862583671E-02
   21      4.7595186584E-03   5.4629080800E-03  -1.3069258579E-04   1.7455333242E-03  -5.0471890103E-04
   22      9.1565291070E-03  -3.7094098975E-04   8.3740178810E-04   1.2360857485E-03   6.2138225820E-04
   23     -2.2518030059E-04   5.0509897394E-04   5.8331275505E-03   4.0369505219E-04  -6.3135624717E-05
   24      1.1814660682E-03   1.5895305528E-03  -3.8962627360E-04   7.5475719861E-04   1.6683554127E-04
   25      8.7442991959E-04  -6.1754548548E-03   1.7469067307E-04   3.5441255839E-04   7.9686371050E-04
   26     -4.7509243627E-04   1.9042754114E-04   5.2304917796E-03   4.5612855442E-04  -5.4211301574E-05
   27     -2.8885818214E-02  -3.1126070506E-02  -2.2587538775E-03   1.0022727696E-03   1.3368361773E-03
   28     -2.6045940648E-02   7.0429267723E-03  -2.1870805612E-03  -7.6710202376E-04  -3.3788426618E-04
   29     -2.0961626832E-03  -2.7629350653E-03  -1.9990195335E-03   2.5302649488E-05   1.1852885218E-04
   30     -1.4508707289E-02   4.6930564277E-03  -1.5421226305E-03  -3.5356602814E-04  -4.0140265922E-05
   31     -2.5559754519E-02   7.4714970998E-03  -2.2230050425E-03   1.6069266677E-03  -3.4059499856E-05
   32     -1.2589601441E-03   4.0713573616E-04   2.9572618250E-03  -7.7075771940E-05   8.0295441499E-07
   33     -8.9569208236E-02   9.2232845663E-02  -5.1374784122E-03   5.3583813402E-05   1.2489324484E-05
   34      9.3639903923E-02  -3.1002223427E-01   1.0223875626E-02   7.6294295649E-06  -1.8965317590E-05
   35     -5.2001718936E-03   1.0196309018E-02  -3.8153060365E-02   5.3729365584E-05   4.9087626776E-05
   36     -2.6634339324E-03  -1.5752155490E-03  -2.7841535082E-04  -1.0808226204E-03   2.9495569886E-04
   37     -1.7154113353E-03  -2.3827086836E-03  -1.5507815605E-04  -1.1055380052E-03   4.6938782163E-04
   38     -2.6791459115E-04  -1.1891321818E-04   5.1067504167E-04  -6.3008709994E-05   3.7182168858E-05
   39      1.0849879023E-03  -7.2166162223E-05   1.3588489358E-04   2.6201930435E-04  -1.3440522582E-05
   40      7.4840707998E-04   3.6776769289E-04   4.7967430108E-05   3.5501178064E-04  -8.9782259418E-05
   41      8.7540984687E-06   4.6772779914E-05  -6.2788764694E-04  -1.1506748327E-05   2.5006581324E-05
   42      3.2646590703E-03  -7.0608240288E-03   1.4867752969E-04  -1.6246257611E-04  -2.6946342147E-04
   43      6.8559134908E-04  -4.9577768270E-03   1.2497740844E-04   8.8638756090E-05  -7.2067174640E-06
   44      1.2307612875E-05  -5.4269891536E-04   3.1907426628E-03  -1.0197463321E-05  -3.8373625700E-05
   45     -8.9544148966E-03  -4.3593138284E-03  -7.5455058592E-04  -2.6620124701E-04  -2.7423029535E-04
   46      7.3509996501E-03  -8.6533428919E-04   5.3818620373E-04  -7.6639530707E-04  -7.3769838578E-04
   47     -9.8312404455E-04  -3.3263673810E-04   1.0308458728E-03   1.8072098685E-05  -2.6065743028E-06
                   20                 21                 22                 23                 24        
    0      4.8303237321E-04  -2.7186664910E-03   4.1380932016E-03  -7.6759559438E-04  -3.3530738536E-01
    1     -1.7097414384E-03   7.6500561503E-03   7.3251938250E-03   5.9686694712E-04   4.4470868736E-02
    2      3.0718997394E-03  -7.9061231382E-04   3.5086289973E-04   5.7720841187E-03  -2.5756552730E-02
    3     -5.5616395220E-03  -4.1374167111E-02  -2.7236954012E-02  -3.4911189291E-03  -1.2273886594E-02
    4      1.0250406697E-02  -3.4682820836E-02  -2.1943010653E-03  -2.9115101532E-03   3.9102834527E-03
    5     -3.6173177132E-02  -3.3961527049E-03  -2.2747539148E-03   2.2138646852E-03  -1.3914463364E-03
    6     -7.8970437346E-04  -4.3994616369E-03  -4.1647666208E-03  -1.9673588664E-04  -7.7274073641E-03
    7     -2.1899682489E-04  -4.1608006033E-03  -6.0361404742E-03  -3.1590995258E-04   2.0787211411E-03
    8      7.7956518312E-03  -2.5771080929E-04  -3.7031801057E-04  -1.5067174218E-03  -1.0167807913E-03
    9     -8.6311128258E-04  -1.4699396582E-01  -1.1743832753E-01  -9.1345534369E-03   5.0739943097E-04
   10      2.3430538119E-03  -1.1824025928E-01  -1.9506365308E-01  -8.1995517664E-03  -2.4587855809E-03
   11      2.6706147671E-03  -9.4746464780E-03  -8.5686174615E-03  -2.6072679522E-02  -6.1989323014E-04
   12     -1.0292753680E-03   7.9341899920E-03  -2.4972991529E-02   7.0198501108E-04   6.5664463516E-04
   13     -1.5221936398E-04  -1.7528650973E-02  -5.2146941632E-02  -9.6401864193E-04  -3.7988357256E-04
   14      5.7596570956E-03   5.9072886017E-04  -1.6533821669E-03   2.5702455915E-03   1.6861669157E-04
   15      8.9455797186E-07   4.7595186584E-03   9.1565291070E-03  -2.2518030059E-04   1.1814660682E-03
   16     -2.6094382111E-05   5.4629080800E-03  -3.7094098975E-04   5.0509897394E-04   1.5895305528E-03
   17     -1.0177336301E-03  -1.3069258579E-04   8.3740178810E-04   5.8331275505E-03  -3.8962627360E-04
   18      6.7151316013E-03   1.7455333242E-03   1.2360857485E-03   4.0369505219E-04   7.5475719861E-04
   19     -1.0862583671E-02  -5.0471890103E-04   6.2138225820E-04  -6.3135624717E-05   1.6683554127E-04
   20      2.5657908066E-02   8.2118726387E-04   5.6868830463E-04  -3.1251812187E-03   4.3531553559E-04
   21      8.2118726387E-04   6.6174224761E-01   7.2685849305E-01   4.1924403125E-02  -5.5942584786E-04
   22      5.6868830463E-04   7.2685849305E-01   9.3472179543E-01   4.7993912929E-02  -1.4036011877E-04
   23     -3.1251812187E-03   4.1924403125E-02   4.7993912929E-02   3.5372523854E-02  -4.1608399162E-05
   24      4.3531553559E-04  -5.5942584786E-04  -1.4036011877E-04  -4.1608399162E-05   3.5583596400E-01
   25     -1.5833035105E-05  -8.3229719935E-04   3.7271185344E-04  -7.8309293738E-05  -4.5139557496E-02
   26     -4.4826845502E-03   4.9964125918E-05   1.0981794868E-04   2.1292191106E-04   2.8497861687E-02
   27      1.1653912956E-04   3.0264134470E-03   4.2696488637E-03   2.8419504671E-04  -2.6599831009E-03
   28     -8.9919072384E-05   4.2755618927E-03   4.7084166738E-03   3.8577988499E-04   1.3697981850E-04
   29      8.3003606341E-04   3.2211436465E-04   3.0293713989E-04  -1.2247631174E-03   1.4709659766E-04
   30     -6.7566792055E-05   4.9788698743E-04  -7.5234917438E-04   3.5282667972E-04  -2.3972530486E-05
   31      1.3887954966E-04   1.0066425783E-03   1.8455325222E-03   2.0662001487E-05  -1.4393709069E-05
   32      3.4289459364E-04   2.9809457181E-04  -1.1237513335E-04  -3.1689104077E-03   7.6994936868E-05
   33      5.4364148288E-05   3.1561560089E-04  -8.7369144181E-04   1.3986655140E-05  -2.4043295642E-04
   34      5.1213882689E-05   5.0572272705E-05  -7.4144742335E-04   2.7152581774E-05  -2.1664880488E-05
   35     -8.1683384491E-04   1.1546064817E-04   7.2371930675E-05   2.2366384577E-04  -7.3684716703E-05
   36     -6.1051876240E-05  -4.7262359634E-01  -5.4186240960E-01  -2.8633518785E-02  -6.0350767591E-05
   37     -6.8034994237E-05  -5.4119775434E-01  -6.7283469417E-01  -3.5457028591E-02   1.1471759801E-04
   38     -1.9456058743E-04  -2.8305293878E-02  -3.5104793002E-02  -2.9133357408E-02   2.1739138439E-05
   39     -2.2249105690E-04  -1.0217095125E-02  -2.5676445688E-02  -1.1417375986E-03  -4.1554801141E-05
   40     -2.3166561868E-04  -2.5701891855E-02  -1.8319760932E-02  -1.3292282967E-03  -7.3026456964E-05
   41      2.0160628229E-04  -1.3455208881E-03  -1.5678584579E-03   1.1781734844E-02   1.2469980285E-05
   42     -1.8269421095E-05  -1.7554795445E-03  -2.7774044264E-03  -9.3013393799E-05  -2.2258129681E-04
   43      2.1216174145E-05  -2.7697001220E-04   7.1403033147E-05  -3.3170424412E-05  -4.6163701455E-03
   44      7.2864091686E-06  -1.6113948411E-04  -2.3880709249E-04   1.6886135103E-04   2.7830921011E-05
   45     -1.5997367024E-05   8.7719131565E-04   5.5395217961E-04   6.4393530956E-05   1.2117395321E-04
   46      3.5731346702E-06  -2.3183332201E-03  -2.2560357247E-03  -1.8449989317E-04   2.8106982551E-04
   47     -5.0222199640E-04   9.8500625215E-05   9.3829009055E-05   1.8554589701E-04  -1.4169468326E-05
                   25                 26                 27                 28                 29        
    0      4.3244548552E-02  -2.5637536664E-02   1.6500195782E-02  -2.2090197247E-02   1.7733333167E-03
    1     -6.2616024393E-02   3.8816710866E-03  -1.6963347779E-02  -3.8701099468E-02  -1.0520699244E-03
    2      3.8664199526E-03  -3.9807413257E-02   1.7319727897E-03  -1.5480133452E-03  -1.6344965340E-03
    3     -2.4778167056E-02  -1.2275767085E-03   4.5151410564E-03   8.8235500857E-03  -4.5661970170E-04
    4      7.7891375216E-03   2.9295112824E-04   9.6902223891E-03  -2.1214952156E-03   8.9816652554E-04
    5     -2.1531880729E-03   3.7042693200E-03  -4.7283019863E-04   7.7750754976E-04   8.7389102130E-03
    6      2.8898956642E-02  -1.3756241579E-03  -1.0428280224E-01   7.8284097598E-04  -2.0289575722E-03
    7      1.3607029754E-03   1.9743925681E-04   7.7208630280E-04  -1.0423693107E-01   3.3733375303E-04
    8      2.4699201504E-03   3.9497073941E-03  -2.0426809361E-03   3.2600732836E-04  -8.0989694747E-02
    9     -3.1395189504E-03  -7.1415690645E-04  -5.9488815795E-03  -1.0401763867E-03  -3.4219097587E-04
   10     -3.2442513039E-03  -6.5388804809E-05  -1.0336121688E-03  -6.3997945746E-03  -4.6416605122E-05
   11     -1.6351007260E-04   8.0627952799E-03  -2.3323711486E-04  -1.0046870949E-04  -1.8807092894E-03
   12     -3.6322543988E-04   2.1529835525E-04  -5.3995413308E-03   7.6805267927E-03  -1.2788796823E-03
   13     -1.1446514222E-03  -7.1361527103E-05   6.8488997399E-03   7.7862135514E-03   6.0206220009E-04
   14     -3.4469642352E-05  -1.2098755128E-03  -1.3029642844E-03   7.3564632509E-04   8.6665050408E-03
   15      8.7442991959E-04  -4.7509243627E-04  -2.8885818214E-02  -2.6045940648E-02  -2.0961626832E-03
   16     -6.1754548548E-03   1.9042754114E-04  -3.1126070506E-02   7.0429267723E-03  -2.7629350653E-03
   17      1.7469067307E-04   5.2304917796E-03  -2.2587538775E-03  -2.1870805612E-03  -1.9990195335E-03
   18      3.5441255839E-04   4.5612855442E-04   1.0022727696E-03  -7.6710202376E-04   2.5302649488E-05
   19      7.9686371050E-04  -5.4211301574E-05   1.3368361773E-03  -3.3788426618E-04   1.1852885218E-04
   20     -1.5833035105E-05  -4.4826845502E-03   1.1653912956E-04  -8.9919072384E-05   8.3003606341E-04
   21     -8.3229719935E-04   4.9964125918E-05   3.0264134470E-03   4.2755618927E-03   3.2211436465E-04
   22      3.7271185344E-04   1.0981794868E-04   4.2696488637E-03   4.7084166738E-03   3.0293713989E-04
   23     -7.8309293738E-05   2.1292191106E-04   2.8419504671E-04   3.8577988499E-04  -1.2247631174E-03
   24     -4.5139557496E-02   2.8497861687E-02  -2.6599831009E-03   1.3697981850E-04   1.4709659766E-04
   25      6.2749266418E-02  -4.0911771251E-03   4.2270150731E-03   5.9520072378E-04   3.0398339279E-04
   26     -4.0911771251E-03   2.8511378875E-02   2.5786182033E-04   1.7582086076E-05  -4.2174215851E-03
   27      4.2270150731E-03   2.5786182033E-04   7.9265497994E-01  -1.4864684603E-01   4.8144407583E-02
   28      5.9520072378E-04   1.7582086076E-05  -1.4864684603E-01   7.3678643291E-01  -1.6821245232E-02
   29      3.0398339279E-04  -4.2174215851E-03   4.8144407583E-02  -1.6821245232E-02   2.3268088811E-01
   30      8.0718302737E-05   1.3099694771E-04  -3.7697681586E-04   1.0275498564E-03  -1.0445223073E-04
   31      4.3703942521E-05  -1.9993937836E-05  -1.0860162696E-03   1.1407162927E-03  -9.6920817284E-05
   32     -4.8142120834E-06  -8.2502435881E-04  -1.0627188853E-04   1.6834950786E-04   8.0606132981E-04
   33      1.6871988012E-03  -8.7139518420E-05  -5.9986137823E-04   4.5685124248E-03   2.6707036512E-04
   34      1.3151965563E-04  -1.3518670375E-05   5.3263077386E-04  -1.7091244307E-03   2.5914501084E-05
   35      1.4615383159E-04   5.9797265169E-04   4.5436447256E-04   4.9339581981E-04  -4.2419051088E-03
   36     -4.1011056287E-05   1.7928607531E-05  -4.7588322219E-03  -5.7623614469E-03  -3.4909312369E-04
   37      8.9906050676E-05  -7.2585912701E-08  -6.1960617236E-03  -6.3642049236E-03  -4.6077380087E-04
   38     -1.1655661152E-05  -2.0492272152E-04  -2.8821661759E-04  -3.3980559236E-04   2.0285517310E-05
   39     -2.0526487267E-04  -3.7578461507E-05   3.6198223292E-03   4.5028889371E-03   2.5819527960E-04
   40     -4.4065884268E-04  -4.6288684272E-05   4.3238146018E-03   5.2991221336E-03   3.1903570119E-04
   41     -1.5109862041E-05   4.7942992640E-06   4.6297124983E-04   5.0104441221E-04   1.2880561739E-04
   42     -3.4406905348E-03  -3.2452862587E-05  -4.9374335106E-01   5.9712554167E-02  -3.4966236686E-02
   43     -1.7474187403E-03  -3.7736506817E-04   4.8978091457E-02  -1.4104005554E-01   4.4856444542E-03
   44     -2.9179055752E-04  -2.7038477009E-05  -3.4878836563E-02   5.3632129921E-03  -7.8808092183E-02
   45     -1.4244479351E-03  -4.4077436659E-05  -1.7509033763E-01   1.1265516936E-01  -9.3553430932E-03
   46      1.4518388832E-03   4.1594919228E-05   1.2365635330E-01  -4.6191871871E-01   1.3807754686E-02
   47     -1.3019805373E-04   5.1242660994E-04  -9.4791716716E-03   1.2959747018E-02  -7.6855640367E-02
                   30                 31                 32                 33                 34        
    0      7.1494766774E-04  -3.2260975274E-04   1.7123542441E-04  -6.3216326335E-03   8.9648644505E-05
    1     -3.4345675766E-04  -9.8932437323E-04  -4.8415709834E-05  -3.9159210699E-04   1.4242681849E-03
    2      1.7227968481E-04  -3.1070207812E-05  -1.0000736998E-03  -9.9140048800E-04   6.2582120288E-05
    3      1.2278835946E-03   8.4241674171E-04  -4.3293408699E-04  -7.7171966012E-04  -6.7101242188E-04
    4      1.9277984156E-03  -5.6436441857E-03   2.6570607287E-04  -7.0530121088E-04   4.5102315244E-04
    5     -4.0896964346E-04   1.7461350266E-04   5.8093531053E-03   5.1330035381E-05  -8.4000829594E-05
    6      2.7480031499E-04  -2.5196887251E-03  -6.6054262130E-04  -4.5927789215E-03   2.6861836766E-03
    7     -3.5007625119E-03  -3.6905975138E-03  -2.1844431919E-04   2.9441996984E-02  -1.5167441533E-03
    8     -6.3324673115E-04  -1.0983913601E-04   7.8019257388E-03  -9.9922029967E-04   2.7130208952E-04
    9     -6.3464915387E-03   2.9748296174E-02  -1.0574693274E-03  -2.0419424698E-03  -2.9803083755E-03
   10     -1.7865797641E-03  -1.5145899863E-03  -1.5619457395E-04  -3.4527325806E-03  -7.6509868576E-04
   11     -7.4467701017E-04   2.5694192143E-03   2.6672475637E-03  -8.4198996566E-04  -1.8336204976E-04
   12     -3.3221949342E-01   4.4050802666E-02  -2.5757557537E-02   1.0854381287E-02   8.5497237315E-03
   13      4.5642837245E-02  -6.4566312315E-02   4.1028748411E-03  -2.0042603349E-02  -1.5596567438E-02
   14     -2.5805398375E-02   4.0243060893E-03  -3.7817288693E-02   7.6890439195E-04   9.2874259411E-04
   15     -1.4508707289E-02  -2.5559754519E-02  -1.2589601441E-03  -8.9569208236E-02   9.3639903923E-02
   16      4.6930564277E-03   7.4714970998E-03   4.0713573616E-04   9.2232845663E-02  -3.1002223427E-01
   17     -1.5421226305E-03  -2.2230050425E-03   2.9572618250E-03  -5.1374784122E-03   1.0223875626E-02
   18     -3.5356602814E-04   1.6069266677E-03  -7.7075771940E-05   5.3583813402E-05   7.6294295649E-06
   19     -4.0140265922E-05  -3.4059499856E-05   8.0295441499E-07   1.2489324484E-05  -1.8965317590E-05
   20     -6.7566792055E-05   1.3887954966E-04   3.4289459364E-04   5.4364148288E-05   5.1213882689E-05
   21      4.9788698743E-04   1.0066425783E-03   2.9809457181E-04   3.1561560089E-04   5.0572272705E-05
   22     -7.5234917438E-04   1.8455325222E-03  -1.1237513335E-04  -8.7369144181E-04  -7.4144742335E-04
   23      3.5282667972E-04   2.0662001487E-05  -3.1689104077E-03   1.3986655140E-05   2.7152581774E-05
   24     -2.3972530486E-05  -1.4393709069E-05   7.6994936868E-05  -2.4043295642E-04  -2.1664880488E-05
   25      8.0718302737E-05   4.3703942521E-05  -4.8142120834E-06   1.6871988012E-03   1.3151965563E-04
   26      1.3099694771E-04  -1.9993937836E-05  -8.2502435881E-04  -8.7139518420E-05  -1.3518670375E-05
   27     -3.7697681586E-04  -1.0860162696E-03  -1.0627188853E-04  -5.9986137823E-04   5.3263077386E-04
   28      1.0275498564E-03   1.1407162927E-03   1.6834950786E-04   4.5685124248E-03  -1.7091244307E-03
   29     -1.0445223073E-04  -9.6920817284E-05   8.0606132981E-04   2.6707036512E-04   2.5914501084E-05
   30      3.5047321632E-01  -4.6910486857E-02   2.8261626964E-02   7.4965922368E-04   1.4896008394E-04
   31     -4.6910486857E-02   6.6556390525E-02  -4.3561876584E-03   3.2113943452E-04   9.0715092024E-04
   32      2.8261626964E-02  -4.3561876584E-03   2.7357587020E-02   4.5460662242E-04  -4.4489313788E-05
   33      7.4965922368E-04   3.2113943452E-04   4.5460662242E-04   9.0867673257E-02  -9.7953262328E-02
   34      1.4896008394E-04   9.0715092024E-04  -4.4489313788E-05  -9.7953262328E-02   3.2956495934E-01
   35      4.1505263556E-04  -1.5497786568E-05  -4.4793285410E-03   6.2670100550E-03  -1.0923506501E-02
   36      5.3245141460E-04  -7.7428045860E-04   8.2863486160E-05   1.3107822404E-04   1.5016348268E-04
   37      6.7097669603E-04  -1.1440789294E-03   9.6126194956E-05   1.9581370306E-05   1.3098138854E-05
   38      5.8342006334E-05  -4.7975317441E-05  -1.5299482418E-04   3.0341987502E-05  -2.6360827325E-06
   39     -1.5683020986E-04   2.7742642676E-04  -2.2805189627E-05  -2.9100845949E-04  -2.2027125633E-04
   40     -6.2100471160E-05   2.9696699887E-04   5.6936828986E-06  -1.9699512633E-04  -1.0664930002E-04
   41     -3.4643645849E-05   2.0395745199E-05   2.1502988054E-04  -3.6855639682E-05   1.3221040556E-05
   42     -5.3435668925E-04  -7.8746775754E-04   2.2091669365E-05   1.6164831689E-03   6.2758313630E-04
   43     -3.5802075942E-04  -4.8343429775E-04  -4.6779664951E-05  -1.1002743186E-03  -8.4849287081E-05
   44      1.9688220433E-05  -6.9090577439E-05  -4.9171359722E-04   1.0608096427E-04   4.4459572794E-05
   45      7.5407087901E-05   1.1759136158E-04   7.9650229052E-06  -1.3934289467E-04  -4.6287593327E-03
   46     -2.3519558043E-04  -2.1602020085E-04  -4.1368165487E-05  -3.5930027425E-03  -1.8714345047E-03
   47      1.1584208476E-05   1.2016892727E-05   1.3446180413E-05   5.5129697136E-05  -3.5753024976E-04
                   35                 36                 37                 38                 39        
    0     -9.8332804995E-04  -1.9429345944E-03  -1.6747728172E-03  -2.0200081568E-04   3.9866493480E-04
    1     -1.6053173212E-04  -1.5501073757E-03  -3.2530442923E-03  -1.2055421076E-04   4.5845331270E-04
    2      5.1669417933E-03  -2.5244236827E-04  -1.5227032468E-04   5.4038487340E-04   1.0428837204E-04
    3     -4.0608497442E-05   5.6660449109E-03   1.0807443888E-02   1.7819137231E-04  -2.0051789311E-04
    4     -3.2789836870E-05   3.1967521829E-04   5.3039957593E-03  -5.0662261002E-05  -2.0028763199E-03
    5     -1.2502456832E-03   3.3465491561E-04   8.8669295831E-04   1.6689803407E-03  -5.5334063174E-06
    6     -8.2938759165E-04   4.1843702259E-03   4.3434634155E-03   2.2925928922E-04  -2.3207629417E-03
    7      2.5175101128E-03   4.3754547968E-03   5.5826243108E-03   2.7191007285E-04  -2.7787513769E-03
    8      4.0209682143E-03   3.1174829757E-04   3.2536094699E-04   1.1935553475E-04  -1.5209296731E-04
    9     -7.7070003282E-04  -2.1447701609E-02  -7.7225607860E-03  -6.0777804416E-04   9.3262914283E-03
   10     -3.0617463691E-04  -6.7828970981E-03  -2.3116864061E-02  -5.2252873308E-04  -1.5196641278E-03
   11      8.0641848912E-03  -2.5759633879E-04  -1.3491234898E-04  -1.3436614072E-02   7.3458672472E-05
   12      5.6987695786E-04   3.4646860240E-03   1.2473832030E-05   1.3894031375E-04  -4.8676570523E-03
   13     -1.6134397995E-03   1.0502937051E-02   7.8978563929E-03   7.9380013224E-04  -2.4232087560E-03
   14      3.8473278923E-03   7.9981707769E-05  -4.3090889925E-05   1.6476770490E-03  -3.9894160492E-04
   15     -5.2001718936E-03  -2.6634339324E-03  -1.7154113353E-03  -2.6791459115E-04   1.0849879023E-03
   16      1.0196309018E-02  -1.5752155490E-03  -2.3827086836E-03  -1.1891321818E-04  -7.2166162223E-05
   17     -3.8153060365E-02  -2.7841535082E-04  -1.5507815605E-04   5.1067504167E-04   1.3588489358E-04
   18      5.3729365584E-05  -1.0808226204E-03  -1.1055380052E-03  -6.3008709994E-05   2.6201930435E-04
   19      4.9087626776E-05   2.9495569886E-04   4.6938782163E-04   3.7182168858E-05  -1.3440522582E-05
   20     -8.1683384491E-04  -6.1051876240E-05  -6.8034994237E-05  -1.9456058743E-04  -2.2249105690E-04
   21      1.1546064817E-04  -4.7262359634E-01  -5.4119775434E-01  -2.8305293878E-02  -1.0217095125E-02
   22      7.2371930675E-05  -5.4186240960E-01  -6.7283469417E-01  -3.5104793002E-02  -2.5676445688E-02
   23      2.2366384577E-04  -2.8633518785E-02  -3.5457028591E-02  -2.9133357408E-02  -1.1417375986E-03
   24     -7.3684716703E-05  -6.0350767591E-05   1.1471759801E-04   2.1739138439E-05  -4.1554801141E-05
   25      1.4615383159E-04  -4.1011056287E-05   8.9906050676E-05  -1.1655661152E-05  -2.0526487267E-04
   26      5.9797265169E-04   1.7928607531E-05  -7.2585912701E-08  -2.0492272152E-04  -3.7578461507E-05
   27      4.5436447256E-04  -4.7588322219E-03  -6.1960617236E-03  -2.8821661759E-04   3.6198223292E-03
   28      4.9339581981E-04  -5.7623614469E-03  -6.3642049236E-03  -3.3980559236E-04   4.5028889371E-03
   29     -4.2419051088E-03  -3.4909312369E-04  -4.6077380087E-04   2.0285517310E-05   2.5819527960E-04
   30      4.1505263556E-04   5.3245141460E-04   6.7097669603E-04   5.8342006334E-05  -1.5683020986E-04
   31     -1.5497786568E-05  -7.7428045860E-04  -1.1440789294E-03  -4.7975317441E-05   2.7742642676E-04
   32     -4.4793285410E-03   8.2863486160E-05   9.6126194956E-05  -1.5299482418E-04  -2.2805189627E-05
   33      6.2670100550E-03   1.3107822404E-04   1.9581370306E-05   3.0341987502E-05  -2.9100845949E-04
   34     -1.0923506501E-02   1.5016348268E-04   1.3098138854E-05  -2.6360827325E-06  -2.2027125633E-04
   35      2.6799883959E-02   1.5869142107E-05  -3.0826651790E-06  -2.1967771700E-04  -5.5223173939E-05
   36      1.5869142107E-05   8.0229638862E-01   8.5839941048E-01   4.6666400502E-02  -3.1509415892E-01
   37     -3.0826651790E-06   8.5839941048E-01   1.1196753860E+00   5.5866256748E-02  -3.1916231374E-01
   38     -2.1967771700E-04   4.6666400502E-02   5.5866256748E-02   8.4176264683E-02  -1.7819694005E-02
