
$orca_hessian_file

$act_atom
  0

$act_coord
  0

$act_energy
     -399.656299

$hessian
42
                    0                  1                  2                  3                  4        
    0      7.1826680048E-01  -4.4385394797E-02  -6.9153347796E-02  -2.5559493818E-01  -1.1927252019E-01
    1     -4.4385394797E-02   6.4335397896E-01  -1.1439945234E-01  -6.4360258075E-02  -1.9464375228E-01
    2     -6.9153347796E-02  -1.1439945234E-01   1.6806892188E-01   4.2202118011E-02   4.8205159682E-02
    3     -2.5559493818E-01  -6.4360258075E-02   4.2202118011E-02   6.5959726883E-01  -1.3866926973E-02
    4     -1.1927252019E-01  -1.9464375228E-01   4.8205159682E-02  -1.3866926973E-02   7.1739147747E-01
    5      5.4811597475E-02   4.0754165372E-02  -7.5116574266E-02  -6.9332833761E-02  -1.3668201705E-01
    6     -1.2988976955E-01   1.1768192743E-03   8.9476751402E-03   4.1140431716E-02  -2.1638980031E-02
    7      5.6758719204E-02  -3.1498435545E-01   5.2535486496E-02  -6.0397681529E-02  -3.6791717078E-02
    8     -3.9000381306E-03   5.9915276143E-02  -7.3203743011E-02   9.4505030540E-03   1.3041943413E-02
    9     -5.3782722777E-02  -4.0035819335E-02   1.6818846067E-02  -2.7115988770E-01   1.1569850514E-01
   10      5.1625936473E-03   5.7439688828E-02  -1.3538263502E-02   5.5026904474E-02  -1.6140496581E-01
   11      6.4091131016E-03  -7.4772468435E-03   3.5827700795E-03   1.5346527985E-02   7.0006353243E-03
   12     -7.8414665500E-03  -2.0010662261E-02   5.3266307326E-03   1.3661391988E-02   3.1985041459E-02
   13     -1.8592149992E-02  -4.8567349164E-02   1.3238020087E-02   6.8504534546E-02  -1.3603052590E-02
   14      4.9312814607E-03   1.3269469585E-02  -7.6682028445E-03  -1.6899390026E-02   6.6250055611E-04
   15      1.3847575562E-02   7.5453454930E-02  -1.8752601309E-02  -5.7940220702E-02  -6.2876405466E-03
   16      3.5487701099E-02  -1.6847889015E-02   4.9034929147E-04  -4.7759262243E-03  -8.6253257755E-04
   17     -9.4907430592E-03  -4.9486521356E-03   8.2729910353E-03   8.6160778833E-03   1.6518804974E-04
   18      7.8372584975E-03  -2.4594694009E-02   5.0683508253E-03  -6.2458057591E-02   3.5510708365E-02
   19      4.4611353867E-03  -1.2197042688E-02   2.8712323656E-03   3.8366143628E-02  -3.2051503102E-01
   20     -1.7774177141E-03   6.7963785933E-03   1.1359539278E-03  -5.1628332195E-03   6.2241557267E-02
   21     -4.0788675389E-03   1.3689989434E-03   1.2427486994E-03   3.2340868379E-03  -6.6093427268E-03
   22     -3.7386052982E-05  -6.2126068395E-04   7.3872507304E-04   2.0011284248E-03   3.9623310337E-05
   23      9.0273306430E-04   4.6406159549E-04   1.9778800264E-03  -6.9498981468E-04   1.2078565234E-03
   24     -2.9156620672E-01   1.0157306779E-01   1.0759617173E-02  -1.8437734709E-02   1.1796262621E-02
   25      1.0200074946E-01  -1.0091588017E-01   1.2613809284E-03  -1.8283352161E-02   1.0662000809E-02
   26      1.0684597720E-02   1.3251987029E-03  -3.8260882114E-02   7.4601458489E-03  -3.3152536362E-03
   27      6.9574740690E-03   4.5578063590E-03  -1.7236883006E-03   1.4062728715E-03   1.5832266391E-03
   28     -2.5485018917E-02  -1.2696854174E-02   6.9601624693E-03   2.4700426925E-03  -4.7085845918E-03
   29      5.3419052080E-03   2.8701162972E-03   7.9048006809E-04   2.2672517199E-04   2.6095143302E-03
   30      4.1130037549E-04  -5.9894880057E-04  -2.8484637075E-05   2.0601720425E-03   7.1102165483E-04
   31     -8.2513924376E-04  -8.5570157419E-04   4.9952077944E-05  -3.0154699999E-04  -5.2729514509E-03
   32      2.3518854231E-05   4.1250974241E-05  -1.0684371978E-03   5.4967052468E-04   2.4606174695E-03
   33     -5.2219693202E-03   2.1695871067E-03   1.2074011120E-03  -1.1198111834E-03  -4.9983541335E-04
   34      2.8997631910E-03   1.4238709276E-03   8.1599398208E-04  -2.7725568644E-04   6.2729944065E-04
   35      1.0174222719E-03   1.1017696909E-03   6.8489924614E-03   4.1086386287E-05  -3.8074921684E-04
   36     -2.4221590879E-04   7.7135796850E-03  -1.2831902581E-03  -5.1765337797E-02  -2.7281433207E-02
   37      1.8305867755E-03  -4.3469866244E-04   1.1877797908E-03  -3.2001573512E-03   9.6253420775E-03
   38      3.7381927048E-04   4.9398271437E-04   5.6972117855E-03   8.2986244064E-03   2.3625593264E-03
   39      9.8484418260E-04   1.1463726559E-05  -6.5156055899E-04  -2.6121376173E-03  -2.1238183926E-03
   40     -1.1621852027E-04   1.3489959096E-04  -3.0453883553E-04  -5.4858452736E-04  -4.6653413298E-04
   41     -2.7015954906E-04  -3.0240192293E-04  -1.0355319925E-03   5.4742164596E-04   5.1723707805E-04
                    5                  6                  7                  8                  9        
    0      5.4811597475E-02  -1.2988976955E-01   5.6758719204E-02  -3.9000381306E-03  -5.3782722777E-02
    1      4.0754165372E-02   1.1768192743E-03  -3.1498435545E-01   5.9915276143E-02  -4.0035819335E-02
    2     -7.5116574266E-02   8.9476751402E-03   5.2535486496E-02  -7.3203743011E-02   1.6818846067E-02
    3     -6.9332833761E-02   4.1140431716E-02  -6.0397681529E-02   9.4505030540E-03  -2.7115988770E-01
    4     -1.3668201705E-01  -2.1638980031E-02  -3.6791717078E-02   1.3041943413E-02   1.1569850514E-01
    5      1.6843897325E-01   3.4483464305E-04   1.8304574934E-02   1.8303739243E-03   1.0447664409E-03
    6      3.4483464305E-04   6.9621458444E-01   2.4504706953E-02  -8.3054061858E-02  -2.1917035029E-02
    7      1.8304574934E-02   2.4504706953E-02   6.5606680439E-01  -1.2764668099E-01   3.3227544643E-02
    8      1.8303739243E-03  -8.3054061858E-02  -1.2764668099E-01   1.6828543351E-01  -5.5561072579E-03
    9      1.0447664409E-03  -2.1917035029E-02   3.3227544643E-02  -5.5561072579E-03   6.5216554408E-01
   10      1.5247752029E-02   3.4363077179E-02  -4.0452093496E-02   3.4818037988E-03  -3.5979330538E-02
   11     -6.8355836350E-02  -5.8408230312E-03   3.6485730882E-03  -5.6739805505E-03  -6.0936306328E-02
   12     -8.3080310920E-03  -5.5249463422E-02   5.0622775049E-03   7.1162773266E-03  -1.2627644978E-01
   13     -4.2724487698E-03  -3.4248519051E-02   5.4199156646E-02  -6.6573617071E-03   1.4656327778E-02
   14      9.8946409425E-03   1.6368043136E-02  -1.1941442034E-02   6.7375391053E-03   4.8435948048E-03
   15      8.8043205800E-03  -2.9655180208E-01   4.6453713722E-02   2.1364465934E-02   4.1259522583E-02
   16     -6.7594402604E-05   1.0251808165E-01  -1.5421139297E-01   8.2563450483E-03  -2.0958312218E-02
   17     -5.1126424373E-03   8.2184557728E-03   1.5829455028E-02  -6.4755889010E-02  -1.9620689623E-04
   18     -4.5013795095E-03  -3.6926622092E-03  -2.4581302028E-03   2.0970126823E-03   1.2802297447E-04
   19      6.1883427171E-02  -3.2542771101E-03   7.2578079550E-04   2.0410425869E-03  -2.5114764580E-03
   20     -4.8439687529E-02   2.2766332686E-03   1.9420216059E-03   6.7390628689E-03   1.1279454206E-03
   21      1.2569808863E-03   4.0353261949E-03   3.1083474327E-03  -1.3050857599E-03  -8.5969220768E-02
   22      5.5921051561E-05  -1.0386087488E-03   5.5665674630E-04  -3.3018750357E-05  -1.0692332246E-02
   23      1.2469516010E-03  -3.2354530170E-04  -6.0332767412E-04   2.2040089274E-05   1.2214794399E-02
   24      1.2852289216E-04  -1.3897790299E-04  -6.8683145960E-04   6.0631922431E-04  -1.2201946315E-04
   25      6.4637012910E-04   2.9236468460E-02  -6.8192742065E-03  -1.6525339961E-03  -2.4574430720E-03
   26      2.5975777318E-03  -6.3927707770E-03   2.1969844987E-03   3.4405144708E-03   1.5252412150E-03
   27      4.2647289911E-04  -2.2747761937E-01  -1.2480539560E-01   5.5519291417E-02  -8.3521868157E-05
   28      2.4836381353E-03  -1.2485553938E-01  -1.4945137946E-01   4.3967531487E-02   1.1611581545E-03
   29      6.6610956824E-03   5.5536276887E-02   4.3964960294E-02  -5.2204467709E-02  -3.3769330304E-04
   30      3.2044706723E-04  -1.4838193832E-03  -4.0046665018E-03   2.1675515979E-03  -3.7055524452E-03
   31      2.6086646381E-03  -3.0989230390E-03  -1.3288949167E-03   2.5191656073E-03   2.9067119244E-02
   32      4.9899788484E-03   1.9082324621E-03   2.6714685549E-03   6.6943276481E-03  -5.8703453752E-03
   33      1.0318501358E-04   1.0279467324E-03   2.8947655801E-02  -6.5330396216E-03  -3.0919371735E-03
   34     -3.9245590147E-04  -9.9504921971E-04  -7.7021067221E-03   2.6690557529E-03  -2.5865323768E-03
   35     -1.1376231559E-03   5.3245853734E-04  -1.3990560727E-03   3.3172044559E-03   2.0868696174E-03
   36      1.4030302957E-02  -4.4104971300E-03  -3.2203892290E-03   1.2101215511E-03  -1.5497336226E-01
   37     -9.2589727294E-04  -3.0133753645E-03   7.2335101522E-04  -2.3015307458E-06  -7.6582655817E-02
   38      2.1305010169E-03   1.1283627060E-03   1.8934928034E-05  -1.1716150787E-03   3.5193818527E-02
   39      9.3903417406E-04  -1.5853827074E-03  -2.2843157588E-03   7.6684109829E-04   2.7401849825E-02
   40      2.9058227948E-04   2.6430953269E-04  -1.9087029606E-04   3.0923267535E-05  -2.3013335641E-03
   41      2.5246550182E-04   1.6760212128E-04   3.8170410191E-04  -2.0271810300E-05  -2.2331914422E-03
                   10                 11                 12                 13                 14        
    0      5.1625936473E-03   6.4091131016E-03  -7.8414665500E-03  -1.8592149992E-02   4.9312814607E-03
    1      5.7439688828E-02  -7.4772468435E-03  -2.0010662261E-02  -4.8567349164E-02   1.3269469585E-02
    2     -1.3538263502E-02   3.5827700795E-03   5.3266307326E-03   1.3238020087E-02  -7.6682028445E-03
    3      5.5026904474E-02   1.5346527985E-02   1.3661391988E-02   6.8504534546E-02  -1.6899390026E-02
    4     -1.6140496581E-01   7.0006353243E-03   3.1985041459E-02  -1.3603052590E-02   6.6250055611E-04
    5      1.5247752029E-02  -6.8355836350E-02  -8.3080310920E-03  -4.2724487698E-03   9.8946409425E-03
    6      3.4363077179E-02  -5.8408230312E-03  -5.5249463422E-02  -3.4248519051E-02   1.6368043136E-02
    7     -4.0452093496E-02   3.6485730882E-03   5.0622775049E-03   5.4199156646E-02  -1.1941442034E-02
    8      3.4818037988E-03  -5.6739805505E-03   7.1162773266E-03  -6.6573617071E-03   6.7375391053E-03
    9     -3.5979330538E-02  -6.0936306328E-02  -1.2627644978E-01   1.4656327778E-02   4.8435948048E-03
   10      6.1734608826E-01  -1.0681789708E-01   7.5775181295E-02  -2.8405088662E-01   4.1496938357E-02
   11     -1.0681789708E-01   1.7631390274E-01  -9.5401434776E-03   4.9919273018E-02  -7.4582123204E-02
   12      7.5775181295E-02  -9.5401434776E-03   7.3263666076E-01  -3.4931316998E-02  -7.4465371062E-02
   13     -2.8405088662E-01   4.9919273018E-02  -3.4931316998E-02   6.2972247975E-01  -1.1441682720E-01
   14      4.1496938357E-02  -7.4582123204E-02  -7.4465371062E-02  -1.1441682720E-01   1.6036274117E-01
   15     -6.7821817166E-02   1.0785173248E-02  -2.5728904242E-01  -6.4952517335E-02   4.2474291139E-02
   16     -3.6285243930E-02   1.2110329396E-02  -1.2091848493E-01  -1.9257920589E-01   4.8179093127E-02
   17      1.8527741275E-02  -1.2681637311E-03   5.5544257813E-02   4.0592152170E-02  -7.4260932677E-02
   18      2.9017504368E-02  -6.2827486600E-03  -5.2189196872E-03   1.5977243416E-03   1.1149946400E-03
   19     -9.4206536996E-03   3.5197622000E-03   2.5158288305E-03   1.2753967111E-03   6.9980783351E-04
   20     -7.6268241668E-04   4.0474756575E-03   9.0369776828E-04   8.4350084422E-04   5.4140493035E-03
   21      2.1342873636E-02   4.5943488638E-03   1.7176869114E-02   1.1197834668E-02  -4.7913501103E-03
   22     -8.5922966039E-03  -1.7369119739E-04  -1.0015054150E-02  -2.2604953815E-03   2.2022684265E-03
   23     -4.6383179214E-03  -1.6193174104E-02   1.5043994797E-04  -7.1640617083E-04   9.7118930696E-04
   24     -3.3076927839E-03   1.8672988458E-03   3.7375444368E-04  -7.1521807971E-04  -3.5267325447E-05
   25     -9.2998318133E-04   2.4237455214E-03  -7.7713803022E-04  -8.0808648977E-04   2.7789591772E-05
   26      2.4541583052E-03   7.1714149006E-03  -2.4320761318E-05   7.6019204971E-05  -1.1560477856E-03
   27      1.0843456888E-03  -3.2591870670E-04  -3.7252005947E-03   3.8602816010E-03   5.7126912510E-04
   28     -7.6841188354E-04  -1.1039317079E-04   2.9723369799E-03   2.0013793457E-04   1.2341902513E-03
   29     -9.5543718614E-05  -4.7527962940E-04   7.8725013315E-04   1.1232531377E-03   6.8093575143E-03
   30     -2.8133190615E-03   1.6766025906E-03  -2.9137045991E-01   1.0196502451E-01   1.1013018145E-02
   31     -8.3930887741E-03  -1.1198143318E-03   1.0005480050E-01  -9.8477517949E-02   1.5872706329E-03
   32      3.2507594034E-03   3.7917902029E-03   1.1457453392E-02   1.3308789858E-03  -3.5412580689E-02
   33     -1.7725856853E-03   1.9154324586E-03   6.8610152782E-03  -2.5196010545E-02   5.3901105816E-03
   34      1.3815352318E-03   1.9074028666E-03   4.7046170014E-03  -1.3607264673E-02   3.2508703420E-03
   35      1.8127979917E-03   7.2491413156E-03  -1.6463850920E-03   7.3015036001E-03   1.4062368831E-03
   36     -1.1368837808E-01   4.3928955446E-02  -1.7043660914E-02  -2.2241749160E-02   8.4357656375E-03
   37     -1.2711018755E-01   3.3453186209E-02  -3.8688020371E-02  -3.2705532424E-02   1.4460677718E-02
   38      3.8618738789E-02  -4.3041027356E-02   1.2366231264E-02   1.2237470280E-02   1.8366226919E-03
   39      3.8267903054E-03  -3.6308692590E-03  -6.6284386185E-03  -7.6988524555E-04   1.0094902296E-03
   40      1.5454190532E-03   1.6830825978E-03   2.0074264876E-03   1.0123411653E-03  -6.1710198071E-04
   41      8.4047727350E-04   7.4924493485E-03   3.8884033065E-04  -2.4039014798E-04  -4.4723013477E-04
                   15                 16                 17                 18                 19        
    0      1.3847575562E-02   3.5487701099E-02  -9.4907430592E-03   7.8372584975E-03   4.4611353867E-03
    1      7.5453454930E-02  -1.6847889015E-02  -4.9486521356E-03  -2.4594694009E-02  -1.2197042688E-02
    2     -1.8752601309E-02   4.9034929147E-04   8.2729910353E-03   5.0683508253E-03   2.8712323656E-03
    3     -5.7940220702E-02  -4.7759262243E-03   8.6160778833E-03  -6.2458057591E-02   3.8366143628E-02
    4     -6.2876405466E-03  -8.6253257755E-04   1.6518804974E-04   3.5510708365E-02  -3.2051503102E-01
    5      8.8043205800E-03  -6.7594402604E-05  -5.1126424373E-03  -4.5013795095E-03   6.1883427171E-02
    6     -2.9655180208E-01   1.0251808165E-01   8.2184557728E-03  -3.6926622092E-03  -3.2542771101E-03
    7      4.6453713722E-02  -1.5421139297E-01   1.5829455028E-02  -2.4581302028E-03   7.2578079550E-04
    8      2.1364465934E-02   8.2563450483E-03  -6.4755889010E-02   2.0970126823E-03   2.0410425869E-03
    9      4.1259522583E-02  -2.0958312218E-02  -1.9620689623E-04   1.2802297447E-04  -2.5114764580E-03
   10     -6.7821817166E-02  -3.6285243930E-02   1.8527741275E-02   2.9017504368E-02  -9.4206536996E-03
   11      1.0785173248E-02   1.2110329396E-02  -1.2681637311E-03  -6.2827486600E-03   3.5197622000E-03
   12     -2.5728904242E-01  -1.2091848493E-01   5.5544257813E-02  -5.2189196872E-03   2.5158288305E-03
   13     -6.4952517335E-02  -1.9257920589E-01   4.0592152170E-02   1.5977243416E-03   1.2753967111E-03
   14      4.2474291139E-02   4.8179093127E-02  -7.4260932677E-02   1.1149946400E-03   6.9980783351E-04
   15      6.5117000874E-01  -2.5031338560E-02  -6.4893767712E-02  -1.2242957283E-03  -1.6071929808E-04
   16     -2.5031338560E-02   7.0416345758E-01  -1.3118108589E-01  -3.8374770492E-04   6.9419572737E-04
   17     -6.4893767712E-02  -1.3118108589E-01   1.7062753633E-01   1.1288858604E-04  -3.6665022834E-04
   18     -1.2242957283E-03  -3.8374770492E-04   1.1288858604E-04   6.1349890543E-02  -3.8823299475E-02
   19     -1.6071929808E-04   6.9419572737E-04  -3.6665022834E-04  -3.8823299475E-02   3.3887797010E-01
   20      5.5753185582E-05  -3.6576016339E-04  -9.8630124535E-04   4.0474051310E-03  -6.8504515856E-02
   21     -2.2426283306E-03   1.7720378475E-03  -3.2787570089E-04  -5.6392481638E-04  -2.1016419182E-04
   22      2.3253909706E-03  -6.1483182349E-04   1.4660058225E-04  -1.7044191089E-04   2.4326734679E-04
   23     -9.5497156154E-05   2.5829831325E-04   1.3886355809E-03   1.2047464659E-05  -2.0620638130E-04
   24      1.9111903863E-03   9.3439344662E-04   4.6674533983E-04   9.6168162111E-04  -1.2579539978E-04
   25     -9.7057004705E-05  -5.4474375878E-03   3.0388635631E-03   2.9100772621E-04   4.7457910543E-04
   26      7.8332000383E-04   2.9313837469E-03   6.5372189441E-03  -7.7839082404E-04  -1.1495774819E-03
   27     -1.7644782191E-02  -1.8776179192E-02   7.0738153699E-03   2.1749004894E-04   2.8193795870E-04
   28      1.1423097512E-02   1.0523355904E-02  -3.5353626286E-03  -1.3050930731E-03  -7.0206054952E-04
   29     -1.2007746928E-05   5.7129407543E-04   1.9939420785E-03   3.1243026663E-04   1.8731750849E-04
   30     -1.7731792538E-02   1.1644337210E-02   4.6128324808E-05  -7.3316075267E-05   4.1781976130E-05
   31     -1.7835224659E-02   1.1170983452E-02   3.7947635614E-04   1.4987967030E-03  -4.0275674982E-04
   32      6.9692169035E-03  -3.5838486052E-03   2.4271720576E-03  -2.9879466516E-04   1.3832080106E-04
   33     -6.3521205358E-02   3.9207837235E-02  -5.4928179484E-03   1.3574909058E-04  -8.9893489887E-05
   34      3.9180194326E-02  -3.1673497826E-01   6.0533422333E-02  -6.7095551057E-05  -1.1744952593E-04
   35     -5.5090210679E-03   6.0489060942E-02  -4.9644016965E-02  -1.3472832558E-04  -2.0460149134E-04
   36      6.2926550863E-03   6.3318460251E-04  -9.5994691549E-05   2.0712654091E-03  -5.1712726798E-04
   37      8.1649631776E-03  -2.8115241666E-03   8.4253642635E-04  -2.3385127945E-04   1.0045208000E-03
   38     -1.9249743770E-03   1.8866822083E-03   5.5416237763E-03  -7.0486912916E-04  -1.0155829029E-03
   39     -5.5551059702E-04  -1.6217988048E-03   5.1383834630E-04   5.1523452052E-04   1.4515385194E-04
   40     -5.6167174603E-04  -4.5146388768E-05  -8.3334615386E-05   1.5625288128E-04  -1.8803367330E-05
   41      1.2451636403E-04   6.0075951927E-05  -8.0041560748E-04  -5.5567540222E-05   7.2902268932E-05
                   20                 21                 22                 23                 24        
    0     -1.7774177141E-03  -4.0788675389E-03  -3.7386052982E-05   9.0273306430E-04  -2.9156620672E-01
    1      6.7963785933E-03   1.3689989434E-03  -6.2126068395E-04   4.6406159549E-04   1.0157306779E-01
    2      1.1359539278E-03   1.2427486994E-03   7.3872507304E-04   1.9778800264E-03   1.0759617173E-02
    3     -5.1628332195E-03   3.2340868379E-03   2.0011284248E-03  -6.9498981468E-04  -1.8437734709E-02
    4      6.2241557267E-02  -6.6093427268E-03   3.9623310337E-05   1.2078565234E-03   1.1796262621E-02
    5     -4.8439687529E-02   1.2569808863E-03   5.5921051561E-05   1.2469516010E-03   1.2852289216E-04
    6      2.2766332686E-03   4.0353261949E-03  -1.0386087488E-03  -3.2354530170E-04  -1.3897790299E-04
    7      1.9420216059E-03   3.1083474327E-03   5.5665674630E-04  -6.0332767412E-04  -6.8683145960E-04
    8      6.7390628689E-03  -1.3050857599E-03  -3.3018750357E-05   2.2040089274E-05   6.0631922431E-04
    9      1.1279454206E-03  -8.5969220768E-02  -1.0692332246E-02   1.2214794399E-02  -1.2201946315E-04
   10     -7.6268241668E-04   2.1342873636E-02  -8.5922966039E-03  -4.6383179214E-03  -3.3076927839E-03
   11      4.0474756575E-03   4.5943488638E-03  -1.7369119739E-04  -1.6193174104E-02   1.8672988458E-03
   12      9.0369776828E-04   1.7176869114E-02  -1.0015054150E-02   1.5043994797E-04   3.7375444368E-04
   13      8.4350084422E-04   1.1197834668E-02  -2.2604953815E-03  -7.1640617083E-04  -7.1521807971E-04
   14      5.4140493035E-03  -4.7913501103E-03   2.2022684265E-03   9.7118930696E-04  -3.5267325447E-05
   15      5.5753185582E-05  -2.2426283306E-03   2.3253909706E-03  -9.5497156154E-05   1.9111903863E-03
   16     -3.6576016339E-04   1.7720378475E-03  -6.1483182349E-04   2.5829831325E-04   9.3439344662E-04
   17     -9.8630124535E-04  -3.2787570089E-04   1.4660058225E-04   1.3886355809E-03   4.6674533983E-04
   18      4.0474051310E-03  -5.6392481638E-04  -1.7044191089E-04   1.2047464659E-05   9.6168162111E-04
   19     -6.8504515856E-02  -2.1016419182E-04   2.4326734679E-04  -2.0620638130E-04  -1.2579539978E-04
   20      3.9963975562E-02   3.5064013942E-05  -2.1124295331E-04  -7.1887444331E-04  -6.7205062784E-04
   21      3.5064013942E-05   1.7281471534E+00   4.6021979950E-02  -2.3462339234E-01   2.4860943418E-04
   22     -2.1124295331E-04   4.6021979950E-02   1.3831242747E-01  -1.3555458502E-02  -3.0740325332E-05
   23     -7.1887444331E-04  -2.3462339234E-01  -1.3555458502E-02   1.4396846585E-01  -4.7958285191E-05
   24     -6.7205062784E-04   2.4860943418E-04  -3.0740325332E-05  -4.7958285191E-05   3.0881206604E-01
   25     -1.1535745798E-03  -8.6836030983E-04  -7.2932249344E-05   1.2028043340E-04  -1.0953179515E-01
   26     -3.8901969370E-03   1.1043413434E-04  -1.5442554960E-05  -9.1969796478E-05  -1.2896684766E-02
   27     -6.1358732166E-05   1.9398302143E-04   3.4569009770E-05  -6.8294840848E-05   5.6055460369E-04
   28      4.0323938258E-04   5.2467208988E-05  -1.9602900524E-05  -7.4921341324E-05   2.9303214225E-05
   29      1.7448600000E-04  -8.6418968458E-05  -8.5733836866E-05  -3.3935078097E-04  -6.3358197998E-04
   30      4.7869591598E-05   3.0008532886E-04   5.1511667025E-04  -2.4413283641E-04  -7.1399836080E-05
   31     -3.9139294330E-05  -1.0831547309E-03  -8.8999525063E-04   1.8269232760E-04   5.2502456018E-06
   32      3.1342088852E-04   2.4914390760E-04  -7.5428408043E-05  -8.7804318953E-04  -1.1759308435E-04
   33     -1.2961120987E-04   1.2797394174E-03  -2.9382626615E-04  -1.2510883376E-04  -8.6698817387E-05
   34     -2.0164567085E-04   1.1352927950E-03  -2.5197878562E-04  -1.2231694354E-04  -5.9688266519E-05
   35     -9.1407956885E-04  -4.2156279466E-04   7.5441014060E-05  -7.1952230528E-05   4.3487662686E-05
   36     -6.5736255730E-04  -7.8306818780E-01   1.4269185249E-02   9.8919535335E-02  -1.7743501580E-03
   37     -1.0480759791E-03  -2.8463875730E-02  -6.0518190397E-02   9.0115148316E-03   1.6553688254E-04
   38     -3.2019431955E-03   1.0888853135E-01   3.0707965594E-03  -5.4567594072E-02   2.2229609648E-04
   39     -6.1795937258E-05  -8.7932431333E-01  -4.2798984814E-02   1.2408665114E-01  -5.8505919615E-04
   40      7.3521002852E-05  -4.9564932222E-02  -6.5389122048E-02   8.8003048600E-03  -7.2639747425E-05
   41      3.7734419699E-04   1.2573413270E-01   7.8767043270E-03  -7.6787999837E-02   9.5166047991E-05
                   25                 26                 27                 28                 29        
    0      1.0200074946E-01   1.0684597720E-02   6.9574740690E-03  -2.5485018917E-02   5.3419052080E-03
    1     -1.0091588017E-01   1.3251987029E-03   4.5578063590E-03  -1.2696854174E-02   2.8701162972E-03
    2      1.2613809284E-03  -3.8260882114E-02  -1.7236883006E-03   6.9601624693E-03   7.9048006809E-04
    3     -1.8283352161E-02   7.4601458489E-03   1.4062728715E-03   2.4700426925E-03   2.2672517199E-04
    4      1.0662000809E-02  -3.3152536362E-03   1.5832266391E-03  -4.7085845918E-03   2.6095143302E-03
    5      6.4637012910E-04   2.5975777318E-03   4.2647289911E-04   2.4836381353E-03   6.6610956824E-03
    6      2.9236468460E-02  -6.3927707770E-03  -2.2747761937E-01  -1.2485553938E-01   5.5536276887E-02
    7     -6.8192742065E-03   2.1969844987E-03  -1.2480539560E-01  -1.4945137946E-01   4.3964960294E-02
    8     -1.6525339961E-03   3.4405144708E-03   5.5519291417E-02   4.3967531487E-02  -5.2204467709E-02
    9     -2.4574430720E-03   1.5252412150E-03  -8.3521868157E-05   1.1611581545E-03  -3.3769330304E-04
   10     -9.2998318133E-04   2.4541583052E-03   1.0843456888E-03  -7.6841188354E-04  -9.5543718614E-05
   11      2.4237455214E-03   7.1714149006E-03  -3.2591870670E-04  -1.1039317079E-04  -4.7527962940E-04
   12     -7.7713803022E-04  -2.4320761318E-05  -3.7252005947E-03   2.9723369799E-03   7.8725013315E-04
   13     -8.0808648977E-04   7.6019204971E-05   3.8602816010E-03   2.0013793457E-04   1.1232531377E-03
   14      2.7789591772E-05  -1.1560477856E-03   5.7126912510E-04   1.2341902513E-03   6.8093575143E-03
   15     -9.7057004705E-05   7.8332000383E-04  -1.7644782191E-02   1.1423097512E-02  -1.2007746928E-05
   16     -5.4474375878E-03   2.9313837469E-03  -1.8776179192E-02   1.0523355904E-02   5.7129407543E-04
   17      3.0388635631E-03   6.5372189441E-03   7.0738153699E-03  -3.5353626286E-03   1.9939420785E-03
   18      2.9100772621E-04  -7.7839082404E-04   2.1749004894E-04  -1.3050930731E-03   3.1243026663E-04
   19      4.7457910543E-04  -1.1495774819E-03   2.8193795870E-04  -7.0206054952E-04   1.8731750849E-04
   20     -1.1535745798E-03  -3.8901969370E-03  -6.1358732166E-05   4.0323938258E-04   1.7448600000E-04
   21     -8.6836030983E-04   1.1043413434E-04   1.9398302143E-04   5.2467208988E-05  -8.6418968458E-05
   22     -7.2932249344E-05  -1.5442554960E-05   3.4569009770E-05  -1.9602900524E-05  -8.5733836866E-05
   23      1.2028043340E-04  -9.1969796478E-05  -6.8294840848E-05  -7.4921341324E-05  -3.3935078097E-04
   24     -1.0953179515E-01  -1.2896684766E-02   5.6055460369E-04   2.9303214225E-05  -6.3358197998E-04
   25      1.0332181382E-01  -3.3003754987E-03  -4.4146586150E-04   9.4899974583E-04  -1.1090918133E-03
   26     -3.3003754987E-03   2.8183486847E-02  -5.0717416714E-04  -1.1581832355E-03  -3.6832651560E-03
   27     -4.4146586150E-04  -5.0717416714E-04   2.3969541356E-01   1.3385893001E-01  -6.0604674637E-02
   28      9.4899974583E-04  -1.1581832355E-03   1.3385893001E-01   1.5558958887E-01  -4.8876935966E-02
   29     -1.1090918133E-03  -3.6832651560E-03  -6.0604674637E-02  -4.8876935966E-02   4.4494595151E-02
   30      9.4220880281E-05  -2.0105046197E-04  -1.0143149984E-03   6.4346929906E-04   1.9252575691E-05
   31      3.8680216085E-05  -2.2160707051E-04  -9.7431130630E-04   4.1865794197E-04   9.2270694115E-05
   32     -2.6569286282E-04  -9.2861336648E-04   4.0029223475E-04  -1.2717635867E-04   2.2535523258E-04
   33      1.5126532974E-03  -3.4014160632E-04   9.5263638692E-04  -6.5156389429E-04  -5.1589160038E-04
   34     -5.7021509297E-04   1.6269974338E-04  -1.0361448964E-04   4.8063917697E-04  -1.0330453498E-03
   35     -5.9335316664E-05   7.0929881691E-05  -6.5374336896E-04  -9.6755739999E-04  -3.6580489745E-03
   36     -8.4593363356E-04   5.1899193860E-04   6.4679611675E-06  -2.2142978683E-04  -9.5222049121E-05
   37      1.1114970244E-04  -1.7493940921E-06  -2.3471296524E-04   1.6705343374E-04  -2.5835538273E-04
   38      1.2591768357E-04   8.9164344131E-05  -1.1952540128E-04  -2.8184808800E-04  -9.8422022388E-04
   39      1.2862761807E-04   5.4568426940E-05  -9.1535645253E-05  -1.3635736525E-04   7.7430469408E-05
   40     -7.0932506894E-06   2.2302438490E-05   2.5981436868E-05   1.0416970774E-05   4.8761861530E-05
   41     -2.1837149085E-05  -3.9233848174E-05   3.4328304326E-05   6.8571879894E-05   2.1222519050E-04
                   30                 31                 32                 33                 34        
    0      4.1130037549E-04  -8.2513924376E-04   2.3518854231E-05  -5.2219693202E-03   2.8997631910E-03
    1     -5.9894880057E-04  -8.5570157419E-04   4.1250974241E-05   2.1695871067E-03   1.4238709276E-03
    2     -2.8484637075E-05   4.9952077944E-05  -1.0684371978E-03   1.2074011120E-03   8.1599398208E-04
    3      2.0601720425E-03  -3.0154699999E-04   5.4967052468E-04  -1.1198111834E-03  -2.7725568644E-04
    4      7.1102165483E-04  -5.2729514509E-03   2.4606174695E-03  -4.9983541335E-04   6.2729944065E-04
    5      3.2044706723E-04   2.6086646381E-03   4.9899788484E-03   1.0318501358E-04  -3.9245590147E-04
    6     -1.4838193832E-03  -3.0989230390E-03   1.9082324621E-03   1.0279467324E-03  -9.9504921971E-04
    7     -4.0046665018E-03  -1.3288949167E-03   2.6714685549E-03   2.8947655801E-02  -7.7021067221E-03
    8      2.1675515979E-03   2.5191656073E-03   6.6943276481E-03  -6.5330396216E-03   2.6690557529E-03
    9     -3.7055524452E-03   2.9067119244E-02  -5.8703453752E-03  -3.0919371735E-03  -2.5865323768E-03
   10     -2.8133190615E-03  -8.3930887741E-03   3.2507594034E-03  -1.7725856853E-03   1.3815352318E-03
   11      1.6766025906E-03  -1.1198143318E-03   3.7917902029E-03   1.9154324586E-03   1.9074028666E-03
   12     -2.9137045991E-01   1.0005480050E-01   1.1457453392E-02   6.8610152782E-03   4.7046170014E-03
   13      1.0196502451E-01  -9.8477517949E-02   1.3308789858E-03  -2.5196010545E-02  -1.3607264673E-02
   14      1.1013018145E-02   1.5872706329E-03  -3.5412580689E-02   5.3901105816E-03   3.2508703420E-03
   15     -1.7731792538E-02  -1.7835224659E-02   6.9692169035E-03  -6.3521205358E-02   3.9180194326E-02
   16      1.1644337210E-02   1.1170983452E-02  -3.5838486052E-03   3.9207837235E-02  -3.1673497826E-01
   17      4.6128324808E-05   3.7947635614E-04   2.4271720576E-03  -5.4928179484E-03   6.0533422333E-02
   18     -7.3316075267E-05   1.4987967030E-03  -2.9879466516E-04   1.3574909058E-04  -6.7095551057E-05
   19      4.1781976130E-05  -4.0275674982E-04   1.3832080106E-04  -8.9893489887E-05  -1.1744952593E-04
   20      4.7869591598E-05  -3.9139294330E-05   3.1342088852E-04  -1.2961120987E-04  -2.0164567085E-04
   21      3.0008532886E-04  -1.0831547309E-03   2.4914390760E-04   1.2797394174E-03   1.1352927950E-03
   22      5.1511667025E-04  -8.8999525063E-04  -7.5428408043E-05  -2.9382626615E-04  -2.5197878562E-04
   23     -2.4413283641E-04   1.8269232760E-04  -8.7804318953E-04  -1.2510883376E-04  -1.2231694354E-04
   24     -7.1399836080E-05   5.2502456018E-06  -1.1759308435E-04  -8.6698817387E-05  -5.9688266519E-05
   25      9.4220880281E-05   3.8680216085E-05  -2.6569286282E-04   1.5126532974E-03  -5.7021509297E-04
   26     -2.0105046197E-04  -2.2160707051E-04  -9.2861336648E-04  -3.4014160632E-04   1.6269974338E-04
   27     -1.0143149984E-03  -9.7431130630E-04   4.0029223475E-04   9.5263638692E-04  -1.0361448964E-04
   28      6.4346929906E-04   4.1865794197E-04  -1.2717635867E-04  -6.5156389429E-04   4.8063917697E-04
   29      1.9252575691E-05   9.2270694115E-05   2.2535523258E-04  -5.1589160038E-04  -1.0330453498E-03
   30      3.0947307005E-01  -1.0747828762E-01  -1.3566388124E-02   9.6412943776E-04  -1.1014400112E-04
   31     -1.0747828762E-01   1.0097031145E-01  -3.5149154278E-03   2.0645295912E-04   5.4761967897E-04
   32     -1.3566388124E-02  -3.5149154278E-03   2.6215541856E-02  -7.6037128782E-04  -1.1601497591E-03
   33      9.6412943776E-04   2.0645295912E-04  -7.6037128782E-04   6.3500979073E-02  -4.2178200804E-02
   34     -1.1014400112E-04   5.4761967897E-04  -1.1601497591E-03  -4.2178200804E-02   3.3543218240E-01
   35     -6.7031932445E-04  -1.1671793676E-03  -3.9123841846E-03   4.7307798640E-03  -6.7030274799E-02
   36      2.1989765824E-03   1.1688751599E-03  -1.0992380962E-03  -1.0100091646E-03  -8.4668246888E-04
   37     -4.4100206672E-04   2.5540881921E-03  -1.3368031540E-03  -1.3953320022E-03  -9.7554233786E-04
   38     -6.7695788553E-04  -1.5784694932E-03  -2.9667626696E-03   4.8618529476E-04   3.6251220487E-04
   39      2.1952615375E-04  -4.7943578125E-04   1.4785556606E-04  -6.7679601938E-04  -6.4240202962E-04
   40     -4.0342908802E-05  -1.5230267279E-04   1.6864022537E-04   5.3141962444E-05   6.8922522081E-05
   41      5.1031537387E-05   2.3782194953E-04   5.1353467484E-04   8.3998709271E-05   7.7530041877E-05
                   35                 36                 37                 38                 39        
    0      1.0174222719E-03  -2.4221590879E-04   1.8305867755E-03   3.7381927048E-04   9.8484418260E-04
    1      1.1017696909E-03   7.7135796850E-03  -4.3469866244E-04   4.9398271437E-04   1.1463726559E-05
    2      6.8489924614E-03  -1.2831902581E-03   1.1877797908E-03   5.6972117855E-03  -6.5156055899E-04
    3      4.1086386287E-05  -5.1765337797E-02  -3.2001573512E-03   8.2986244064E-03  -2.6121376173E-03
    4     -3.8074921684E-04  -2.7281433207E-02   9.6253420775E-03   2.3625593264E-03  -2.1238183926E-03
    5     -1.1376231559E-03   1.4030302957E-02  -9.2589727294E-04   2.1305010169E-03   9.3903417406E-04
    6      5.3245853734E-04  -4.4104971300E-03  -3.0133753645E-03   1.1283627060E-03  -1.5853827074E-03
    7     -1.3990560727E-03  -3.2203892290E-03   7.2335101522E-04   1.8934928034E-05  -2.2843157588E-03
    8      3.3172044559E-03   1.2101215511E-03  -2.3015307458E-06  -1.1716150787E-03   7.6684109829E-04
    9      2.0868696174E-03  -1.5497336226E-01  -7.6582655817E-02   3.5193818527E-02   2.7401849825E-02
   10      1.8127979917E-03  -1.1368837808E-01  -1.2711018755E-01   3.8618738789E-02   3.8267903054E-03
   11      7.2491413156E-03   4.3928955446E-02   3.3453186209E-02  -4.3041027356E-02  -3.6308692590E-03
   12     -1.6463850920E-03  -1.7043660914E-02  -3.8688020371E-02   1.2366231264E-02  -6.6284386185E-03
   13      7.3015036001E-03  -2.2241749160E-02  -3.2705532424E-02   1.2237470280E-02  -7.6988524555E-04
   14      1.4062368831E-03   8.4357656375E-03   1.4460677718E-02   1.8366226919E-03   1.0094902296E-03
   15     -5.5090210679E-03   6.2926550863E-03   8.1649631776E-03  -1.9249743770E-03  -5.5551059702E-04
   16      6.0489060942E-02   6.3318460251E-04  -2.8115241666E-03   1.8866822083E-03  -1.6217988048E-03
   17     -4.9644016965E-02  -9.5994691549E-05   8.4253642635E-04   5.5416237763E-03   5.1383834630E-04
   18     -1.3472832558E-04   2.0712654091E-03  -2.3385127945E-04  -7.0486912916E-04   5.1523452052E-04
   19     -2.0460149134E-04  -5.1712726798E-04   1.0045208000E-03  -1.0155829029E-03   1.4515385194E-04
   20     -9.1407956885E-04  -6.5736255730E-04  -1.0480759791E-03  -3.2019431955E-03  -6.1795937258E-05
   21     -4.2156279466E-04  -7.8306818780E-01  -2.8463875730E-02   1.0888853135E-01  -8.7932431333E-01
   22      7.5441014060E-05   1.4269185249E-02  -6.0518190397E-02   3.0707965594E-03  -4.2798984814E-02
   23     -7.1952230528E-05   9.8919535335E-02   9.0115148316E-03  -5.4567594072E-02   1.2408665114E-01
   24      4.3487662686E-05  -1.7743501580E-03   1.6553688254E-04   2.2229609648E-04  -5.8505919615E-04
   25     -5.9335316664E-05  -8.4593363356E-04   1.1114970244E-04   1.2591768357E-04   1.2862761807E-04
   26      7.0929881691E-05   5.1899193860E-04  -1.7493940921E-06   8.9164344131E-05   5.4568426940E-05
   27     -6.5374336896E-04   6.4679611675E-06  -2.3471296524E-04  -1.1952540128E-04  -9.1535645253E-05
   28     -9.6755739999E-04  -2.2142978683E-04   1.6705343374E-04  -2.8184808800E-04  -1.3635736525E-04
   29     -3.6580489745E-03  -9.5222049121E-05  -2.5835538273E-04  -9.8422022388E-04   7.7430469408E-05
   30     -6.7031932445E-04   2.1989765824E-03  -4.4100206672E-04  -6.7695788553E-04   2.1952615375E-04
   31     -1.1671793676E-03   1.1688751599E-03   2.5540881921E-03  -1.5784694932E-03  -4.7943578125E-04
   32     -3.9123841846E-03  -1.0992380962E-03  -1.3368031540E-03  -2.9667626696E-03   1.4785556606E-04
   33      4.7307798640E-03  -1.0100091646E-03  -1.3953320022E-03   4.8618529476E-04  -6.7679601938E-04
   34     -6.7030274799E-02  -8.4668246888E-04  -9.7554233786E-04   3.6251220487E-04  -6.4240202962E-04
   35      4.0511223559E-02   3.3196991106E-04   4.4419781091E-04  -1.8911479079E-05   2.3782401186E-04
   36      3.3196991106E-04   1.0950676276E+00   1.2291441254E-01  -1.7439578312E-01  -9.0950472179E-02
   37      4.4419781091E-04   1.2291441254E-01   1.8145364506E-01  -5.1031622305E-02   1.9055284549E-02
   38     -1.8911479079E-05  -1.7439578312E-01  -5.1031622305E-02   7.1507464303E-02   1.0838430669E-02
   39      2.3782401186E-04  -9.0950472179E-02   1.9055284549E-02   1.0838430669E-02   9.5408670935E-01
   40     -1.9913201458E-05   2.2628947112E-02   2.8948947194E-02  -5.3408066254E-03   2.8056063433E-02
   41     -9.6039767504E-06   9.8542981742E-03  -4.8808561439E-03   1.9225131193E-02  -1.3454387647E-01
                   40                 41        
     0     -1.1621852027E-04  -2.7015954906E-04
     1      1.3489959096E-04  -3.0240192293E-04
     2     -3.0453883553E-04  -1.0355319925E-03
     3     -5.4858452736E-04   5.4742164596E-04
     4     -4.6653413298E-04   5.1723707805E-04
     5      2.9058227948E-04   2.5246550182E-04
     6      2.6430953269E-04   1.6760212128E-04
     7     -1.9087029606E-04   3.8170410191E-04
     8      3.0923267535E-05  -2.0271810300E-05
     9     -2.3013335641E-03  -2.2331914422E-03
    10      1.5454190532E-03   8.4047727350E-04
    11      1.6830825978E-03   7.4924493485E-03
    12      2.0074264876E-03   3.8884033065E-04
    13      1.0123411653E-03  -2.4039014798E-04
    14     -6.1710198071E-04  -4.4723013477E-04
    15     -5.6167174603E-04   1.2451636403E-04
    16     -4.5146388768E-05   6.0075951927E-05
    17     -8.3334615386E-05  -8.0041560748E-04
    18      1.5625288128E-04  -5.5567540222E-05
    19     -1.8803367330E-05   7.2902268932E-05
    20      7.3521002852E-05   3.7734419699E-04
    21     -4.9564932222E-02   1.2573413270E-01
    22     -6.5389122048E-02   7.8767043270E-03
    23      8.8003048600E-03  -7.6787999837E-02
    24     -7.2639747425E-05   9.5166047991E-05
    25     -7.0932506894E-06  -2.1837149085E-05
    26      2.2302438490E-05  -3.9233848174E-05
    27      2.5981436868E-05   3.4328304326E-05
    28      1.0416970774E-05   6.8571879894E-05
    29      4.8761861530E-05   2.1222519050E-04
    30     -4.0342908802E-05   5.1031537387E-05
    31     -1.5230267279E-04   2.3782194953E-04
    32      1.6864022537E-04   5.1353467484E-04
    33      5.3141962444E-05   8.3998709271E-05
    34      6.8922522081E-05   7.7530041877E-05
    35     -1.9913201458E-05  -9.6039767504E-06
    36      2.2628947112E-02   9.8542981742E-03
    37      2.8948947194E-02  -4.8808561439E-03
    38     -5.3408066254E-03   1.9225131193E-02
    39      2.8056063433E-02  -1.3454387647E-01
    40      3.4594576988E-02  -4.7484686044E-03
    41     -4.7484686044E-03   5.1088261232E-02

$vibrational_frequencies
42
    0        0.000000
    1        0.000000
    2        0.000000
    3        0.000000
    4        0.000000
    5        0.000000
    6       61.775205
    7       98.724317
    8      237.287696
    9      392.895251
   10      414.749353
   11      472.390408
   12      497.237508
   13      565.782459
   14      633.549677
   15      653.223467
   16      696.069595
   17      760.772675
   18      781.834686
   19      838.018536
   20      912.358451
   21      973.933326
   22      991.283469
   23     1023.218789
   24     1047.048441
   25     1101.179222
   26     1145.940928
   27     1180.275820
   28     1196.786400
   29     1329.825535
   30     1357.329362
   31     1468.167020
   32     1480.711720
   33     1537.894540
   34     1615.079833
   35     1630.497033
   36     2326.456035
   37     3167.826008
   38     3174.504342
   39     3181.709234
   40     3190.523342
   41     3197.234979

$normal_modes
42 42
                    0                  1                  2                  3                  4        
    0      0.0000000000E+00   0.0000000000E+00   0.0000000000E+00   0.0000000000E+00   0.0000000000E+00
    1      0.0000000000E+00   0.0000000000E+00   0.0000000000E+00   0.0000000000E+00   0.0000000000E+00
    2      0.0000000000E+00   0.0000000000E+00   0.0000000000E+00   0.0000000000E+00   0.0000000000E+00
    3      0.0000000000E+00   0.0000000000E+00   0.0000000000E+00   0.0000000000E+00   0.0000000000E+00
    4      0.0000000000E+00   0.0000000000E+00   0.0000000000E+00   0.0000000000E+00   0.0000000000E+00
    5      0.0000000000E+00   0.0000000000E+00   0.0000000000E+00   0.0000000000E+00   0.0000000000E+00
    6      0.0000000000E+00   0.0000000000E+00   0.0000000000E+00   0.0000000000E+00   0.0000000000E+00
    7      0.0000000000E+00   0.0000000000E+00   0.0000000000E+00   0.0000000000E+00   0.0000000000E+00
    8      0.0000000000E+00   0.0000000000E+00   0.0000000000E+00   0.0000000000E+00   0.0000000000E+00
