
$orca_hessian_file

$act_atom
  0

$act_coord
  0

$act_energy
     -604.146860

$hessian
48
                    0                  1                  2                  3                  4        
    0      7.1785390637E-01  -5.3182434831E-02  -4.8951707092E-02  -2.5828511383E-01  -1.0824961699E-01
    1     -5.3182434831E-02   6.7222297765E-01  -1.0677085938E-01  -6.0787957937E-02  -1.6669761404E-01
    2     -4.8951707092E-02  -1.0677085938E-01   1.5562304167E-01   3.5871021659E-02   3.0716834033E-02
    3     -2.5828511383E-01  -6.0787957937E-02   3.5871021659E-02   7.0351929698E-01   1.3919600024E-02
    4     -1.0824961699E-01  -1.6669761404E-01   3.0716834033E-02   1.3919600024E-02   5.2897629354E-01
    5      4.7927462076E-02   2.7930397397E-02  -6.3769093017E-02  -8.3971303379E-02  -9.2362271482E-02
    6     -1.3053237544E-01   1.8034227118E-03   7.3491067709E-03   3.9112599080E-02  -1.5230331766E-02
    7      5.9455350635E-02  -3.3173484796E-01   4.8570109152E-02  -5.6600403188E-02  -4.6010073783E-02
    8     -6.5856519022E-03   5.4824534350E-02  -6.8036025190E-02   1.0592954191E-02   1.2632956117E-02
    9     -4.7486510062E-02  -3.6112652264E-02   1.1624257888E-02  -2.6736819063E-01   8.3218549411E-02
   10      5.0929945676E-03   5.5497107798E-02  -1.1763726251E-02   3.6170080621E-02  -1.3675489743E-01
   11      3.6277321049E-03  -7.7036519787E-03   3.6171483744E-03   8.9019201908E-03   1.4651097373E-02
   12     -8.3103401123E-03  -1.8338156019E-02   4.0368025896E-03   1.4818935806E-02   2.8407536408E-02
   13     -1.9658572921E-02  -4.7284600521E-02   1.2018477141E-02   6.8539783144E-02  -1.5685670177E-02
   14      4.9670949186E-03   1.2146878355E-02  -4.3186001098E-03  -1.3297305627E-02   5.3731815768E-04
   15      1.3913384715E-02   7.5975001829E-02  -1.7698526901E-02  -5.5078862590E-02  -9.9754487101E-03
   16      3.7406603056E-02  -1.5475800086E-02   3.4133921693E-04  -5.1102297904E-03  -1.6635317642E-03
   17     -8.3510098537E-03  -2.7498608196E-03   5.5443142871E-03   5.5077203419E-03   4.7307357832E-04
   18      1.9688241626E-02  -2.0898234885E-02   2.0810888522E-03  -1.1030981075E-01   3.8411709051E-03
   19     -1.3766766816E-02  -4.4966114389E-02   1.6032695959E-02   3.7171407012E-04  -1.1199412040E-01
   20      5.1776657263E-04   6.5536645477E-03  -5.5013258456E-03  -5.6056729525E-03   7.3929345775E-03
   21     -1.2791173604E-03   5.4632597049E-03  -1.6467514270E-03   3.4817619523E-03  -1.1830734233E-02
   22     -4.3388926093E-04  -1.2688037889E-03   8.2876681585E-04   2.1015423275E-03  -6.6637501775E-04
   23      8.0588998879E-05   2.0869100009E-04   1.8542828530E-03   2.6487271145E-04   3.6100722910E-04
   24     -2.9871000502E-01   1.0294431258E-01   4.5303495493E-03  -1.8945515213E-02   1.0051278883E-02
   25      1.0519360747E-01  -9.9098728225E-02   3.7485859621E-03  -1.6951528991E-02   1.0634444860E-02
   26      3.8723975974E-03   3.1590683339E-03  -3.7523281311E-02   5.9558048755E-03  -4.2568729307E-04
   27      7.3657241366E-03   5.1857830568E-03  -1.4593371488E-03   9.0022602659E-04   1.7188882774E-03
   28     -2.4892183545E-02  -1.4384445357E-02   5.7393570597E-03   2.3884265012E-03  -3.9593375484E-03
   29      4.6258838712E-03   3.1572029215E-03   1.2965018450E-03  -3.4521519502E-04   2.3099004659E-03
   30      4.0266153505E-04  -7.8603458421E-04   5.5682259574E-06   1.4118693465E-03   8.0106301305E-04
   31     -6.7234908965E-04  -1.0749676311E-03   5.9669482998E-05  -9.8431198604E-04  -4.2766925999E-03
   32      4.6286419666E-05  -3.6065464694E-04  -1.2284899532E-03   4.4227348378E-04   2.1499218202E-03
   33     -5.3747470074E-03   2.1117391923E-03   6.7740535874E-04  -1.3359246411E-03  -5.4101097677E-04
   34      2.5547926253E-03   1.2450216098E-03   1.0217458121E-03  -3.9735709275E-04   8.2492298471E-04
   35      8.5643050314E-04   8.7106755272E-04   6.8618233227E-03  -3.2443941008E-04   1.2441743352E-05
   36     -2.8558600847E-03   2.9225622227E-03   8.4638112149E-04  -4.8511986707E-02  -1.7492176820E-02
   37      9.5688454512E-04  -3.6646154968E-03   2.1272321039E-03  -5.8796508275E-03   1.2565694819E-02
   38      3.6779883753E-04   9.8236290079E-04   3.9189444338E-03   5.1947857643E-03  -7.8288547113E-04
   39     -5.4362969511E-04  -2.3054872291E-03   7.7764580496E-04  -1.6280938802E-03   1.8017389171E-03
   40     -8.6291134221E-05   2.6752654914E-04  -2.1592250173E-04  -4.5474043329E-04   6.3299538645E-05
   41      7.5814817526E-05  -8.3869870994E-05  -8.0966886405E-04  -9.9082073613E-05   3.4532797565E-04
   42      4.7891604690E-04   2.9159445531E-03  -1.0118103207E-03   1.3862470366E-02  -1.9890371834E-02
   43      7.6799479161E-03  -1.1401220307E-03   5.5372140421E-04  -2.5759294403E-02  -3.3476310664E-02
   44     -4.7175086757E-03   2.3951782583E-03   2.6670737169E-03   1.8714175928E-02   3.3327308600E-02
   45     -6.2580056464E-03  -6.8169070625E-03   2.9223939869E-03  -1.6043185566E-02   3.9338842760E-02
   46      2.4829408649E-03  -2.9709538567E-03  -2.8881255324E-03   4.9644711868E-02  -3.1967518659E-02
   47      1.6430634412E-03   5.3269336531E-03  -1.9853309727E-04   1.2155725810E-02  -1.1197275040E-02
                    5                  6                  7                  8                  9        
    0      4.7927462076E-02  -1.3053237544E-01   5.9455350635E-02  -6.5856519022E-03  -4.7486510062E-02
    1      2.7930397397E-02   1.8034227118E-03  -3.3173484796E-01   5.4824534350E-02  -3.6112652264E-02
    2     -6.3769093017E-02   7.3491067709E-03   4.8570109152E-02  -6.8036025190E-02   1.1624257888E-02
    3     -8.3971303379E-02   3.9112599080E-02  -5.6600403188E-02   1.0592954191E-02  -2.6736819063E-01
    4     -9.2362271482E-02  -1.5230331766E-02  -4.6010073783E-02   1.2632956117E-02   8.3218549411E-02
    5      1.6973239287E-01  -2.8837844014E-03   1.7093154586E-02  -9.6081575761E-04   3.5427679064E-03
    6     -2.8837844014E-03   7.0137425032E-01   3.4126816079E-02  -5.9293938942E-02  -1.8932179935E-02
    7      1.7093154586E-02   3.4126816079E-02   6.7428979166E-01  -1.1543390734E-01   3.0682731688E-02
    8     -9.6081575761E-04  -5.9293938942E-02  -1.1543390734E-01   1.5337024181E-01  -4.8424364648E-03
    9      3.5427679064E-03  -1.8932179935E-02   3.0682731688E-02  -4.8424364648E-03   6.7449714919E-01
   10      1.9180048284E-02   3.3916150630E-02  -3.8942850862E-02   3.9144077945E-03   8.1582853553E-04
   11     -6.0298927911E-02  -5.5606631677E-03   4.5008834495E-03  -3.2449513691E-03  -3.9996062988E-02
   12     -8.9210174614E-03  -5.5267586260E-02   2.8598924413E-03   5.1909234191E-03  -1.2572663815E-01
   13     -4.2034498636E-03  -3.4359676658E-02   5.5299426178E-02  -7.0919120380E-03   1.1883539030E-02
   14      5.3402622748E-03   1.3272535728E-02  -1.1552463325E-02   6.2162416144E-03   1.5071800192E-03
   15      9.4730843610E-03  -2.9854252443E-01   4.0760925724E-02   1.3225978249E-02   3.8797493885E-02
   16      4.9404360194E-04   9.7822997000E-02  -1.5264460860E-01   1.0746815312E-02  -2.1748553508E-02
   17     -3.3361302255E-03   1.9118777978E-03   1.5645173243E-02  -6.1881417546E-02   1.6250554999E-03
   18     -3.3546321861E-03  -4.9986338537E-03  -6.7602659116E-03   3.6023257039E-03   1.2859817209E-03
   19      5.7000369381E-03  -7.5776878580E-03   1.0790656521E-02   1.3161246989E-03   3.3006655361E-02
   20     -7.3570247084E-02   2.8649393306E-03   9.7881511849E-04   8.0169479593E-03  -1.0721891647E-02
   21      3.1534134050E-03   6.8976111098E-03  -1.0452335198E-03  -4.7817823974E-04  -9.3891653628E-02
   22      4.3272980524E-04  -1.2145376371E-03   8.1953492101E-04  -8.7794268962E-05  -1.3256230658E-02
   23      1.5502266283E-03  -4.8984786568E-04  -2.5651947199E-05  -1.8531478160E-04   7.9014864671E-03
   24      2.6894270935E-04   2.0148416420E-03  -5.4060361266E-04   3.0944003902E-04  -4.4455419564E-04
   25      1.6149529765E-04   2.7896173901E-02  -6.2824311471E-03  -6.1203501602E-04  -1.7349817502E-03
   26      3.6293449113E-03  -5.6220719796E-03   2.1162039715E-03   4.2708271763E-03   9.7225130010E-04
   27      3.1761286925E-04  -2.3130195151E-01  -1.3058157887E-01   4.4455214464E-02   1.7400894296E-04
   28      1.6842440953E-03  -1.3037662565E-01  -1.5507768954E-01   3.6495272314E-02   1.0401409671E-03
   29      6.8207200835E-03   4.4536205087E-02   3.6668911635E-02  -4.6344352017E-02   3.8066403120E-05
   30     -3.9974723769E-06  -1.6741111533E-03  -3.8759422857E-03   1.4798711874E-03  -3.0285028663E-03
   31      2.5487404472E-03  -3.2488109330E-03  -1.5028705975E-03   2.2075087411E-03   2.9138300382E-02
   32      4.7180927847E-03   1.2960813946E-03   2.5103424054E-03   6.6674518104E-03  -6.1137893613E-03
   33      2.7771758114E-04   7.9579555891E-04   2.8906390863E-02  -5.8177558563E-03  -3.1257313811E-03
   34     -2.6499508653E-04  -7.3975011059E-04  -6.6626150929E-03   2.2882731926E-03  -2.3830210340E-03
   35     -5.1148564212E-04   3.9632156859E-04  -5.4681730895E-04   3.8413529566E-03   1.6348538219E-03
   36      6.1040762888E-03  -7.5615012460E-03   8.5846210478E-04   4.3794791684E-04  -1.8361812973E-01
   37     -1.9989877066E-03  -4.0386415663E-03   2.1504454024E-03  -2.6494405978E-04  -9.4246929900E-02
   38      2.1355352238E-03   9.6575797616E-04  -3.3028480116E-04  -1.0186464519E-03   2.8901559537E-02
   39     -9.4493511038E-04  -3.1128816024E-03   3.9531907213E-04   2.4385310916E-04   3.0913025022E-02
   40     -8.5941493990E-05   2.5400543588E-04  -1.2357961873E-04   1.6176712302E-05  -1.7239891295E-03
   41      3.3744335605E-04   2.9493446329E-04  -2.7329988618E-05   1.1646982580E-04  -1.7060614802E-03
   42      1.5418728257E-02   1.9922300828E-03  -1.2860714249E-03  -1.3508160405E-03  -8.1219468761E-03
   43      4.0326587498E-02   2.6191979499E-05  -4.2996682986E-03  -1.2984904980E-03  -7.7610568931E-03
   44     -7.0771682535E-03   6.2058867487E-04   1.5635047553E-03  -2.8052005979E-04   6.4406159945E-03
   45      1.3635944598E-02   7.6175095761E-05   2.6626625398E-03  -1.1977715271E-03   6.3910648679E-03
   46     -1.6743808351E-02   1.3369237340E-03  -3.3597566241E-05   2.9134294547E-04  -1.0614414214E-02
   47      1.5233830195E-02   3.8142784127E-04  -1.6954869651E-03  -5.5939144763E-04  -7.6173998752E-04
                   10                 11                 12                 13                 14        
    0      5.0929945676E-03   3.6277321049E-03  -8.3103401123E-03  -1.9658572921E-02   4.9670949186E-03
    1      5.5497107798E-02  -7.7036519787E-03  -1.8338156019E-02  -4.7284600521E-02   1.2146878355E-02
    2     -1.1763726251E-02   3.6171483744E-03   4.0368025896E-03   1.2018477141E-02  -4.3186001098E-03
    3      3.6170080621E-02   8.9019201908E-03   1.4818935806E-02   6.8539783144E-02  -1.3297305627E-02
    4     -1.3675489743E-01   1.4651097373E-02   2.8407536408E-02  -1.5685670177E-02   5.3731815768E-04
    5      1.9180048284E-02  -6.0298927911E-02  -8.9210174614E-03  -4.2034498636E-03   5.3402622748E-03
    6      3.3916150630E-02  -5.5606631677E-03  -5.5267586260E-02  -3.4359676658E-02   1.3272535728E-02
    7     -3.8942850862E-02   4.5008834495E-03   2.8598924413E-03   5.5299426178E-02  -1.1552463325E-02
    8      3.9144077945E-03  -3.2449513691E-03   5.1909234191E-03  -7.0919120380E-03   6.2162416144E-03
    9      8.1582853553E-04  -3.9996062988E-02  -1.2572663815E-01   1.1883539030E-02   1.5071800192E-03
   10      6.1416933939E-01  -1.0110308759E-01   7.3186386661E-02  -2.7700832345E-01   4.1430560262E-02
   11     -1.0110308759E-01   1.6270138046E-01  -1.0685638818E-02   4.8493564747E-02  -7.1982884018E-02
   12      7.3186386661E-02  -1.0685638818E-02   7.4613756472E-01  -1.7123984227E-02  -4.3117560921E-02
   13     -2.7700832345E-01   4.8493564747E-02  -1.7123984227E-02   6.2941792926E-01  -1.0838891632E-01
   14      4.1430560262E-02  -7.1982884018E-02  -4.3117560921E-02  -1.0838891632E-01   1.4739933374E-01
   15     -6.7594114158E-02   1.0325821171E-02  -2.6323147382E-01  -7.0392732806E-02   3.0797675395E-02
   16     -3.7515863826E-02   9.7713357235E-03  -1.2797945020E-01  -2.0100439378E-01   4.1420726270E-02
   17      1.3943908616E-02  -1.8233333292E-03   4.4504375398E-02   3.7187994778E-02  -6.7710828109E-02
   18      3.5589420394E-02  -8.3542548289E-03  -6.2730170860E-03   2.7111574647E-03   1.9824654381E-03
   19     -1.1738915752E-02  -5.8190858419E-03   1.6484175579E-03   4.7957458437E-03   1.8853231869E-03
   20     -2.0338595792E-03  -3.9247073207E-04   1.5818350037E-05  -7.2471669380E-04   7.3616821827E-03
   21      1.4618800583E-02   6.0528844306E-03   1.8472909391E-02   1.7023995454E-02  -4.4952438771E-03
   22     -1.0081779764E-02   7.4935232641E-04  -1.0381918639E-02  -3.2357187566E-03   1.3827686157E-03
   23     -2.7605322253E-03  -1.6807992525E-02   2.1198696106E-04  -7.0351653816E-04   1.3114792035E-03
   24     -3.4647753332E-03   1.5230276683E-03   5.3055996380E-04  -4.1558403495E-04  -1.6678051821E-04
   25     -1.8830947655E-03   1.8892275231E-03  -8.0491341971E-04  -8.7189663478E-04  -2.5034016279E-06
   26      1.9903559276E-03   4.8509166457E-03  -1.3866998666E-04  -1.1192506031E-05  -1.2202885384E-03
   27      1.2901156366E-03  -3.9369205528E-04  -3.9412998692E-03   3.2739746620E-03   2.9821932271E-04
   28     -7.9295464256E-04  -1.6776326408E-04   2.9731953571E-03   8.9217261350E-05   1.1467063215E-03
   29      9.8115462266E-05  -7.8252466003E-04   4.4255065353E-04   8.1194884565E-04   6.7340836611E-03
   30     -2.8208396484E-03   1.1883558636E-03  -2.9797087063E-01   9.9008427438E-02  -2.4179739918E-03
   31     -9.8260240686E-03   7.3630340247E-04   9.6886213452E-02  -9.4671176909E-02   5.7727694701E-03
   32      3.5759371111E-03   3.6804325616E-03  -2.2809221165E-03   5.0755838135E-03  -3.4805104532E-02
   33     -2.3434175948E-03   1.3659093390E-03   7.0395234905E-03  -2.5268024684E-02   5.0810644454E-03
   34      1.0720783820E-03   1.6473506615E-03   4.6040386645E-03  -1.3658977819E-02   3.2507763119E-03
   35      1.7683491217E-03   7.5394598527E-03  -1.3974663829E-03   5.8808301340E-03   2.5133837342E-03
   36     -1.2882742289E-01   3.2983224043E-02  -1.8681863472E-02  -3.0698156899E-02   7.1788712697E-03
   37     -1.3744482994E-01   2.6444765416E-02  -4.0620006527E-02  -3.7268743506E-02   1.1826077128E-02
   38      3.2525406951E-02  -3.6218379115E-02   1.0821779018E-02   1.0590433804E-02   5.4805304032E-03
   39      6.8831005335E-03  -3.3089730955E-03  -7.3416445512E-03  -3.9309572733E-03   1.1167994590E-03
   40      1.9419688735E-03   8.8439443956E-04   1.9162708139E-03   1.2231385217E-03  -4.9803751514E-04
   41     -1.4843371394E-04   7.5579344379E-03   2.9076067620E-04   2.2590228949E-05  -5.2115175307E-04
   42     -3.6043053608E-03   2.4846687821E-03  -1.0600800345E-04  -8.5034857831E-04  -1.2624351853E-03
   43     -2.8168520956E-03   2.9809943053E-03   8.3291059695E-05   1.1803113213E-03  -1.1255366277E-03
   44     -1.0861300521E-03  -1.0957988142E-03   3.5216955409E-04   8.1465687913E-04  -5.0469733450E-04
   45      1.2326697054E-03  -2.0887861736E-04  -2.5793100625E-04   3.0532748949E-05  -1.3901635276E-03
   46     -7.5041995002E-03   1.9857592888E-03   2.4562146681E-03  -1.4948996978E-03   8.1737660234E-04
   47      5.1115241314E-04   2.6929091593E-03   6.7233030512E-04   1.5851203465E-04  -1.2820379930E-03
                   15                 16                 17                 18                 19        
    0      1.3913384715E-02   3.7406603056E-02  -8.3510098537E-03   1.9688241626E-02  -1.3766766816E-02
    1      7.5975001829E-02  -1.5475800086E-02  -2.7498608196E-03  -2.0898234885E-02  -4.4966114389E-02
    2     -1.7698526901E-02   3.4133921693E-04   5.5443142871E-03   2.0810888522E-03   1.6032695959E-02
    3     -5.5078862590E-02  -5.1102297904E-03   5.5077203419E-03  -1.1030981075E-01   3.7171407012E-04
    4     -9.9754487101E-03  -1.6635317642E-03   4.7307357832E-04   3.8411709051E-03  -1.1199412040E-01
    5      9.4730843610E-03   4.9404360194E-04  -3.3361302255E-03  -3.3546321861E-03   5.7000369381E-03
    6     -2.9854252443E-01   9.7822997000E-02   1.9118777978E-03  -4.9986338537E-03  -7.5776878580E-03
    7      4.0760925724E-02  -1.5264460860E-01   1.5645173243E-02  -6.7602659116E-03   1.0790656521E-02
    8      1.3225978249E-02   1.0746815312E-02  -6.1881417546E-02   3.6023257039E-03   1.3161246989E-03
    9      3.8797493885E-02  -2.1748553508E-02   1.6250554999E-03   1.2859817209E-03   3.3006655361E-02
   10     -6.7594114158E-02  -3.7515863826E-02   1.3943908616E-02   3.5589420394E-02  -1.1738915752E-02
   11      1.0325821171E-02   9.7713357235E-03  -1.8233333292E-03  -8.3542548289E-03  -5.8190858419E-03
   12     -2.6323147382E-01  -1.2797945020E-01   4.4504375398E-02  -6.2730170860E-03   1.6484175579E-03
   13     -7.0392732806E-02  -2.0100439378E-01   3.7187994778E-02   2.7111574647E-03   4.7957458437E-03
   14      3.0797675395E-02   4.1420726270E-02  -6.7710828109E-02   1.9824654381E-03   1.8853231869E-03
   15      6.5909441301E-01  -1.5915973382E-02  -4.4052311445E-02  -4.4583441437E-03   2.9825620328E-03
   16     -1.5915973382E-02   7.1518817747E-01  -1.2023767533E-01  -2.1708310129E-04   7.1447552726E-04
   17     -4.4052311445E-02  -1.2023767533E-01   1.6149860444E-01  -3.1778816047E-04  -5.6046133721E-04
   18     -4.4583441437E-03  -2.1708310129E-04  -3.1778816047E-04   6.4392802615E-01  -5.1826405755E-02
   19      2.9825620328E-03   7.1447552726E-04  -5.6046133721E-04  -5.1826405755E-02   5.9270100707E-01
   20      5.4991913133E-04  -5.9292894147E-04  -1.4745927518E-03  -2.9466151875E-01  -9.3880983767E-02
   21     -7.3467308872E-03   5.3190853614E-04   4.2672631438E-04  -6.9630281852E-03   1.0594263936E-02
   22      2.4888100141E-03  -3.7372658190E-04   9.4157756289E-05  -8.6158858744E-04  -3.9186486009E-04
   23      3.1275456931E-04   2.2736030591E-04   1.1847678042E-03   8.4517696614E-04  -2.4058150277E-04
   24      1.5610599838E-03   1.6642442025E-04   6.8665778473E-04  -2.7495144323E-03   2.6910235165E-03
   25      6.0664881577E-06  -5.2005504837E-03   2.4042793678E-03  -1.2513284037E-03   7.0345327807E-04
   26      4.6320554240E-04   2.5270103673E-03   6.9483675810E-03   2.7515947982E-04  -3.2301355333E-03
   27     -1.7405364159E-02  -1.8878262289E-02   5.6824587594E-03   4.1946604896E-04   3.7108842726E-04
   28      1.1225940165E-02   1.0916455047E-02  -2.8113195766E-03  -1.7815800356E-03   1.4430702640E-04
   29     -3.3885401411E-04   1.0731971530E-05   2.2842448698E-03   4.7714074971E-04  -2.4797925910E-04
   30     -1.7665629327E-02   1.0829895950E-02  -8.1993521359E-04  -8.5718330405E-05  -8.3249229546E-04
   31     -1.8679190122E-02   1.1095204598E-02  -4.4512381689E-04   1.5442499851E-03   4.9007331540E-04
   32      6.2477095462E-03  -2.4513947746E-03   2.8906660893E-03  -1.4558285629E-04  -4.1238820294E-07
   33     -6.4734799571E-02   4.1900151735E-02  -6.4919204434E-03  -1.5670365559E-04   1.0153385908E-04
   34      4.1468286714E-02  -3.2092480387E-01   5.5469453695E-02   5.5355622000E-05  -1.2616371071E-04
   35     -6.5178862968E-03   5.5581830416E-02  -4.9273649301E-02  -2.7092952345E-04  -6.4183700783E-04
   36      1.1367492850E-02   2.3151127717E-03  -8.3615567876E-04   3.7374236581E-03  -1.6298734901E-02
   37      8.9275816787E-03  -2.1527721044E-03   1.0374294884E-03  -2.0294696654E-03  -6.7163354917E-03
   38     -1.8901613014E-03   1.9766336910E-03   5.5407264013E-03  -6.8550320211E-04   2.2662907710E-03
   39      2.5393631680E-03  -7.5728474282E-04  -9.4619998161E-05   4.2765242748E-03  -7.2303194933E-03
   40     -4.0680024469E-04  -1.2691320514E-04  -3.7881867870E-05   6.8022448419E-04  -1.9829120239E-04
   41     -2.8351716790E-04  -2.3150581543E-05  -6.3661991302E-04  -6.0248140646E-04   4.0703189491E-04
   42     -3.0834021142E-04  -6.7746983636E-05   2.1232731881E-04  -2.1945140066E-01  -8.9346762767E-02
   43     -2.2889103707E-03  -5.5534752520E-04   5.8436060300E-04  -1.0265539908E-01  -2.2504085332E-01
   44      2.6895593644E-04  -1.8863354436E-04   1.8190666352E-04   1.5842414079E-01   1.3970047672E-01
   45      1.3015582209E-03  -2.7409091500E-04   4.1934216833E-04  -3.1800979537E-01   1.3512748975E-01
   46      7.8928527725E-04  -3.6079721923E-04   7.8508018888E-05   1.4347905252E-01  -2.0873453045E-01
   47     -9.7045903408E-04   4.5148547487E-04   4.4512871650E-05   1.4070106628E-01  -6.2792009192E-02
                   20                 21                 22                 23                 24        
    0      5.1776657263E-04  -1.2791173604E-03  -4.3388926093E-04   8.0588998879E-05  -2.9871000502E-01
    1      6.5536645477E-03   5.4632597049E-03  -1.2688037889E-03   2.0869100009E-04   1.0294431258E-01
    2     -5.5013258456E-03  -1.6467514270E-03   8.2876681585E-04   1.8542828530E-03   4.5303495493E-03
    3     -5.6056729525E-03   3.4817619523E-03   2.1015423275E-03   2.6487271145E-04  -1.8945515213E-02
    4      7.3929345775E-03  -1.1830734233E-02  -6.6637501775E-04   3.6100722910E-04   1.0051278883E-02
    5     -7.3570247084E-02   3.1534134050E-03   4.3272980524E-04   1.5502266283E-03   2.6894270935E-04
    6      2.8649393306E-03   6.8976111098E-03  -1.2145376371E-03  -4.8984786568E-04   2.0148416420E-03
    7      9.7881511849E-04  -1.0452335198E-03   8.1953492101E-04  -2.5651947199E-05  -5.4060361266E-04
    8      8.0169479593E-03  -4.7817823974E-04  -8.7794268962E-05  -1.8531478160E-04   3.0944003902E-04
    9     -1.0721891647E-02  -9.3891653628E-02  -1.3256230658E-02   7.9014864671E-03  -4.4455419564E-04
   10     -2.0338595792E-03   1.4618800583E-02  -1.0081779764E-02  -2.7605322253E-03  -3.4647753332E-03
   11     -3.9247073207E-04   6.0528844306E-03   7.4935232641E-04  -1.6807992525E-02   1.5230276683E-03
   12      1.5818350037E-05   1.8472909391E-02  -1.0381918639E-02   2.1198696106E-04   5.3055996380E-04
   13     -7.2471669380E-04   1.7023995454E-02  -3.2357187566E-03  -7.0351653816E-04  -4.1558403495E-04
   14      7.3616821827E-03  -4.4952438771E-03   1.3827686157E-03   1.3114792035E-03  -1.6678051821E-04
   15      5.4991913133E-04  -7.3467308872E-03   2.4888100141E-03   3.1275456931E-04   1.5610599838E-03
   16     -5.9292894147E-04   5.3190853614E-04  -3.7372658190E-04   2.2736030591E-04   1.6642442025E-04
   17     -1.4745927518E-03   4.2672631438E-04   9.4157756289E-05   1.1847678042E-03   6.8665778473E-04
   18     -2.9466151875E-01  -6.9630281852E-03  -8.6158858744E-04   8.4517696614E-04  -2.7495144323E-03
   19     -9.3880983767E-02   1.0594263936E-02  -3.9186486009E-04  -2.4058150277E-04   2.6910235165E-03
   20      5.0093872543E-01   2.0142793711E-03   1.5239130652E-03  -1.3138888291E-03   8.3969933586E-04
   21      2.0142793711E-03   1.7592119790E+00   4.5850150823E-02  -1.8914363588E-01  -1.7781022790E-04
   22      1.5239130652E-03   4.5850150823E-02   1.3459226526E-01  -7.1297482946E-03   2.1897707005E-05
   23     -1.3138888291E-03  -1.8914363588E-01  -7.1297482946E-03   1.3158716295E-01  -1.1108707143E-05
   24      8.3969933586E-04  -1.7781022790E-04   2.1897707005E-05  -1.1108707143E-05   3.1445367438E-01
   25     -1.4601117337E-04  -4.3025158063E-04  -6.7846786359E-05   2.7377528090E-06  -1.1230740980E-01
   26     -4.0941969238E-03  -1.0483421446E-04   3.7707279479E-05   1.6029688225E-04  -5.9234479021E-03
   27      2.0580204893E-04  -9.3722775548E-04  -4.8943252162E-05   7.0378515462E-05   5.8067301445E-04
   28      2.8264773002E-04  -4.0815476324E-06   3.6531190123E-06  -5.7880282174E-05  -9.2199669921E-05
   29      1.1199749995E-03  -6.0455532704E-05  -9.7368329805E-05  -2.0984128280E-04  -5.0833527960E-04
   30      4.5038716377E-04   8.1264001360E-04   4.1541420990E-04  -1.5486233397E-04   3.0508003754E-05
   31      1.2560922680E-05  -1.0956536439E-03  -6.8062618993E-04   3.4720595608E-05   1.4572420938E-05
   32      8.8953884636E-04   3.6061797373E-04   6.0073009227E-06  -8.2664486242E-04  -4.2092152397E-05
   33      5.2491071642E-05   9.6589029986E-04  -2.2668414853E-04  -8.0216231070E-05   1.9066122615E-05
   34     -2.7649400333E-04   1.0570766536E-03  -1.3055002674E-04  -1.0757070304E-04  -1.4494874449E-04
   35     -1.2673720862E-03  -5.8465841427E-04   3.6127514883E-05  -4.2530774164E-05   8.5556720219E-06
   36      2.3513517309E-03  -7.8825336634E-01   1.6870175789E-02   8.1733659136E-02  -1.1098939143E-03
   37      4.9646831102E-03  -2.1792493966E-02  -5.4535103737E-02   3.0906850678E-03   3.4084043666E-04
   38     -4.7186311508E-03   8.3515807195E-02  -2.0229948958E-03  -4.7809377982E-02   9.2162800874E-05
   39     -7.5592080125E-04  -9.0183592069E-01  -4.3213415212E-02   1.0039461184E-01  -2.0680687446E-04
   40     -6.7825898846E-04  -5.0846275338E-02  -6.3986613392E-02   6.1183414280E-03  -4.5925385449E-05
   41      6.2129765241E-04   1.0194659957E-01   5.2711800786E-03  -7.0514715110E-02   2.1966846386E-05
   42      1.5696038707E-01   4.9192321654E-03   1.5763372829E-03  -1.5596296727E-03   6.6933427448E-04
   43      1.4396995464E-01  -4.2133599173E-03   1.7973621588E-04   7.5754461536E-04   4.6044505257E-05
   44     -2.6095621174E-01   9.1087148435E-04  -2.9762486721E-04  -6.9560606655E-05  -6.2122274974E-04
   45      1.4501910680E-01   4.7359161681E-03   1.9694605072E-04  -2.2313796371E-04   2.5952546363E-03
   46     -6.7105764881E-02  -4.6401080104E-03  -5.0825714133E-05   3.1076113010E-04   7.6274280000E-04
   47     -1.6562138835E-01  -2.1882315851E-03  -7.5342668799E-04   1.7889815429E-04  -1.0127007545E-03
                   25                 26                 27                 28                 29        
    0      1.0519360747E-01   3.8723975974E-03   7.3657241366E-03  -2.4892183545E-02   4.6258838712E-03
    1     -9.9098728225E-02   3.1590683339E-03   5.1857830568E-03  -1.4384445357E-02   3.1572029215E-03
    2      3.7485859621E-03  -3.7523281311E-02  -1.4593371488E-03   5.7393570597E-03   1.2965018450E-03
    3     -1.6951528991E-02   5.9558048755E-03   9.0022602659E-04   2.3884265012E-03  -3.4521519502E-04
    4      1.0634444860E-02  -4.2568729307E-04   1.7188882774E-03  -3.9593375484E-03   2.3099004659E-03
    5      1.6149529765E-04   3.6293449113E-03   3.1761286925E-04   1.6842440953E-03   6.8207200835E-03
    6      2.7896173901E-02  -5.6220719796E-03  -2.3130195151E-01  -1.3037662565E-01   4.4536205087E-02
    7     -6.2824311471E-03   2.1162039715E-03  -1.3058157887E-01  -1.5507768954E-01   3.6668911635E-02
    8     -6.1203501602E-04   4.2708271763E-03   4.4455214464E-02   3.6495272314E-02  -4.6344352017E-02
    9     -1.7349817502E-03   9.7225130010E-04   1.7400894296E-04   1.0401409671E-03   3.8066403120E-05
   10     -1.8830947655E-03   1.9903559276E-03   1.2901156366E-03  -7.9295464256E-04   9.8115462266E-05
   11      1.8892275231E-03   4.8509166457E-03  -3.9369205528E-04  -1.6776326408E-04  -7.8252466003E-04
   12     -8.0491341971E-04  -1.3866998666E-04  -3.9412998692E-03   2.9731953571E-03   4.4255065353E-04
   13     -8.7189663478E-04  -1.1192506031E-05   3.2739746620E-03   8.9217261350E-05   8.1194884565E-04
   14     -2.5034016279E-06  -1.2202885384E-03   2.9821932271E-04   1.1467063215E-03   6.7340836611E-03
   15      6.0664881577E-06   4.6320554240E-04  -1.7405364159E-02   1.1225940165E-02  -3.3885401411E-04
   16     -5.2005504837E-03   2.5270103673E-03  -1.8878262289E-02   1.0916455047E-02   1.0731971530E-05
   17      2.4042793678E-03   6.9483675810E-03   5.6824587594E-03  -2.8113195766E-03   2.2842448698E-03
   18     -1.2513284037E-03   2.7515947982E-04   4.1946604896E-04  -1.7815800356E-03   4.7714074971E-04
   19      7.0345327807E-04  -3.2301355333E-03   3.7108842726E-04   1.4430702640E-04  -2.4797925910E-04
   20     -1.4601117337E-04  -4.0941969238E-03   2.0580204893E-04   2.8264773002E-04   1.1199749995E-03
   21     -4.3025158063E-04  -1.0483421446E-04  -9.3722775548E-04  -4.0815476324E-06  -6.0455532704E-05
   22     -6.7846786359E-05   3.7707279479E-05  -4.8943252162E-05   3.6531190123E-06  -9.7368329805E-05
   23      2.7377528090E-06   1.6029688225E-04   7.0378515462E-05  -5.7880282174E-05  -2.0984128280E-04
   24     -1.1230740980E-01  -5.9234479021E-03   5.8067301445E-04  -9.2199669921E-05  -5.0833527960E-04
   25      1.0391592567E-01  -5.7366127682E-03  -3.5576887971E-04   1.0993099552E-03  -9.8744431949E-04
   26     -5.7366127682E-03   2.7245153897E-02  -4.1340304294E-04  -1.0872799652E-03  -4.0731880538E-03
   27     -3.5576887971E-04  -4.1340304294E-04   2.4295992209E-01   1.3914885446E-01  -4.8248693552E-02
   28      1.0993099552E-03  -1.0872799652E-03   1.3914885446E-01   1.6200799355E-01  -4.0638017350E-02
   29     -9.8744431949E-04  -4.0731880538E-03  -4.8248693552E-02  -4.0638017350E-02   3.7734073575E-02
   30      6.7431467182E-05  -4.9627986946E-05  -8.7133729687E-04   6.2900356902E-04   2.3722643928E-06
   31      4.8705512734E-05  -1.5663837554E-04  -1.0101996601E-03   4.4898505627E-04   6.3903120062E-05
   32     -1.4172046993E-04  -5.2228884216E-04   2.8695818767E-04  -1.0477718870E-04   1.3983138685E-04
   33      1.3855515682E-03  -3.1358250261E-04   1.0557751633E-03  -5.2390878098E-04  -3.2476041565E-04
   34     -4.0065780916E-04   4.3555583029E-05   3.3862766420E-06   4.3515282314E-04  -8.7103210135E-04
   35     -3.3433025064E-05  -2.2906660910E-04  -3.8688238878E-04  -8.2060876822E-04  -3.5307784357E-03
   36     -1.2666791938E-03   5.0669340829E-04   4.8916789993E-04  -8.8765989126E-05  -1.3724485726E-04
   37      7.6275407304E-05  -4.3953601549E-06   8.0741258866E-05   3.6090700061E-04  -3.5149498754E-04
   38      1.4506839064E-04   4.7729023228E-04  -4.6378522486E-05  -1.5541569542E-04  -7.7477069779E-04
   39     -1.0131175893E-04   1.4303023246E-04   4.6123928238E-04  -4.8197060351E-05   4.8002699824E-05
   40     -1.0287128668E-05  -1.1388334529E-05   9.0547832316E-06  -2.0026377199E-05   3.6283873722E-05
   41      2.0290828197E-05  -1.4912912072E-04  -3.3330600249E-05   4.4072651482E-05   1.3561323392E-04
   42      4.3561074640E-04   7.8246595975E-04  -2.2144488821E-05   9.7432132648E-05   6.8383177698E-05
   43      5.0107052628E-04   1.0536392208E-03   1.5516589863E-04  -8.9051531548E-04  -4.6412725555E-06
   44     -7.9627672950E-04  -3.4306601722E-04  -2.4533786689E-04   4.7974366165E-04  -5.0474393094E-04
   45      1.8629781029E-04  -4.0667579375E-04   1.9233761281E-05   2.5423265819E-04  -2.6133217570E-04
   46     -3.1652465748E-03  -2.5618941740E-04  -1.2635414320E-04  -1.9361360720E-04  -1.5092589970E-05
   47      9.0638737499E-05   5.8980960030E-04  -7.0777186397E-05  -1.3154399651E-05  -3.6048025398E-05
                   30                 31                 32                 33                 34        
    0      4.0266153505E-04  -6.7234908965E-04   4.6286419666E-05  -5.3747470074E-03   2.5547926253E-03
    1     -7.8603458421E-04  -1.0749676311E-03  -3.6065464694E-04   2.1117391923E-03   1.2450216098E-03
    2      5.5682259574E-06   5.9669482998E-05  -1.2284899532E-03   6.7740535874E-04   1.0217458121E-03
    3      1.4118693465E-03  -9.8431198604E-04   4.4227348378E-04  -1.3359246411E-03  -3.9735709275E-04
    4      8.0106301305E-04  -4.2766925999E-03   2.1499218202E-03  -5.4101097677E-04   8.2492298471E-04
    5     -3.9974723769E-06   2.5487404472E-03   4.7180927847E-03   2.7771758114E-04  -2.6499508653E-04
    6     -1.6741111533E-03  -3.2488109330E-03   1.2960813946E-03   7.9579555891E-04  -7.3975011059E-04
    7     -3.8759422857E-03  -1.5028705975E-03   2.5103424054E-03   2.8906390863E-02  -6.6626150929E-03
    8      1.4798711874E-03   2.2075087411E-03   6.6674518104E-03  -5.8177558563E-03   2.2882731926E-03
    9     -3.0285028663E-03   2.9138300382E-02  -6.1137893613E-03  -3.1257313811E-03  -2.3830210340E-03
   10     -2.8208396484E-03  -9.8260240686E-03   3.5759371111E-03  -2.3434175948E-03   1.0720783820E-03
   11      1.1883558636E-03   7.3630340247E-04   3.6804325616E-03   1.3659093390E-03   1.6473506615E-03
   12     -2.9797087063E-01   9.6886213452E-02  -2.2809221165E-03   7.0395234905E-03   4.6040386645E-03
   13      9.9008427438E-02  -9.4671176909E-02   5.0755838135E-03  -2.5268024684E-02  -1.3658977819E-02
   14     -2.4179739918E-03   5.7727694701E-03  -3.4805104532E-02   5.0810644454E-03   3.2507763119E-03
   15     -1.7665629327E-02  -1.8679190122E-02   6.2477095462E-03  -6.4734799571E-02   4.1468286714E-02
   16      1.0829895950E-02   1.1095204598E-02  -2.4513947746E-03   4.1900151735E-02  -3.2092480387E-01
   17     -8.1993521359E-04  -4.4512381689E-04   2.8906660893E-03  -6.4919204434E-03   5.5469453695E-02
   18     -8.5718330405E-05   1.5442499851E-03  -1.4558285629E-04  -1.5670365559E-04   5.5355622000E-05
   19     -8.3249229546E-04   4.9007331540E-04  -4.1238820294E-07   1.0153385908E-04  -1.2616371071E-04
   20      4.5038716377E-04   1.2560922680E-05   8.8953884636E-04   5.2491071642E-05  -2.7649400333E-04
   21      8.1264001360E-04  -1.0956536439E-03   3.6061797373E-04   9.6589029986E-04   1.0570766536E-03
   22      4.1541420990E-04  -6.8062618993E-04   6.0073009227E-06  -2.2668414853E-04  -1.3055002674E-04
   23     -1.5486233397E-04   3.4720595608E-05  -8.2664486242E-04  -8.0216231070E-05  -1.0757070304E-04
   24      3.0508003754E-05   1.4572420938E-05  -4.2092152397E-05   1.9066122615E-05  -1.4494874449E-04
   25      6.7431467182E-05   4.8705512734E-05  -1.4172046993E-04   1.3855515682E-03  -4.0065780916E-04
   26     -4.9627986946E-05  -1.5663837554E-04  -5.2228884216E-04  -3.1358250261E-04   4.3555583029E-05
   27     -8.7133729687E-04  -1.0101996601E-03   2.8695818767E-04   1.0557751633E-03   3.3862766420E-06
   28      6.2900356902E-04   4.4898505627E-04  -1.0477718870E-04  -5.2390878098E-04   4.3515282314E-04
   29      2.3722643928E-06   6.3903120062E-05   1.3983138685E-04  -3.2476041565E-04  -8.7103210135E-04
   30      3.1581610480E-01  -1.0326216200E-01   1.1820575738E-03   8.6565860095E-04   1.3400050439E-04
   31     -1.0326216200E-01   9.8138762556E-02  -8.4958522310E-03   2.5443168477E-04   5.9241008062E-04
   32      1.1820575738E-03  -8.4958522310E-03   2.5585941599E-02  -4.6955206808E-04  -1.0119146190E-03
   33      8.6565860095E-04   2.5443168477E-04  -4.6955206808E-04   6.4869065223E-02  -4.4702531322E-02
   34      1.3400050439E-04   5.9241008062E-04  -1.0119146190E-03  -4.4702531322E-02   3.3875363622E-01
   35     -3.7432179825E-04  -1.0479726125E-03  -4.0009699215E-03   5.8536303845E-03  -6.1575028687E-02
   36      2.0249361516E-03   1.5097647192E-03  -7.7072028716E-04  -6.5560916094E-04  -8.3163784380E-04
   37     -5.1129975751E-04   2.3598892400E-03  -1.2657858676E-03  -1.2320074680E-03  -7.1550888958E-04
   38     -2.8267261522E-04  -1.3440040843E-03  -3.3447278034E-03   3.4881028931E-04   2.2058315616E-04
   39     -1.6299916293E-04  -5.1411697389E-04   1.1011110339E-04  -5.7620491950E-04  -5.7253091183E-04
   40      2.5886819508E-06  -1.7155440534E-04   1.3310215400E-04   3.8346621090E-05   1.2908538049E-05
   41      5.8861511885E-05   2.4160024576E-04   5.0323197865E-04   5.8088455394E-05   6.7000904392E-05
   42      2.4545748605E-04  -1.9766816556E-04   4.6857483562E-05   9.2136516327E-05   5.4780422865E-05
   43      1.6882035444E-04  -1.9115237095E-04   1.0044772182E-05   5.0338575823E-05   6.5426847151E-05
   44     -2.2756405885E-04   3.7803729975E-06  -9.0715333363E-05  -1.2404212780E-04   2.8044844275E-05
   45     -9.7056393558E-05   3.0382674650E-04  -1.9947500528E-04   2.3276908770E-04  -3.5456191945E-05
   46      2.4103671900E-04  -8.1248248345E-04   3.6462665370E-04   5.0717374228E-05  -4.5028422747E-05
   47     -2.0221534473E-05  -1.9910362941E-04  -2.5489943300E-04  -8.6314947256E-05   4.1019570119E-05
                   35                 36                 37                 38                 39        
    0      8.5643050314E-04  -2.8558600847E-03   9.5688454512E-04   3.6779883753E-04  -5.4362969511E-04
    1      8.7106755272E-04   2.9225622227E-03  -3.6646154968E-03   9.8236290079E-04  -2.3054872291E-03
    2      6.8618233227E-03   8.4638112149E-04   2.1272321039E-03   3.9189444338E-03   7.7764580496E-04
    3     -3.2443941008E-04  -4.8511986707E-02  -5.8796508275E-03   5.1947857643E-03  -1.6280938802E-03
    4      1.2441743352E-05  -1.7492176820E-02   1.2565694819E-02  -7.8288547113E-04   1.8017389171E-03
    5     -5.1148564212E-04   6.1040762888E-03  -1.9989877066E-03   2.1355352238E-03  -9.4493511038E-04
    6      3.9632156859E-04  -7.5615012460E-03  -4.0386415663E-03   9.6575797616E-04  -3.1128816024E-03
    7     -5.4681730895E-04   8.5846210478E-04   2.1504454024E-03  -3.3028480116E-04   3.9531907213E-04
    8      3.8413529566E-03   4.3794791684E-04  -2.6494405978E-04  -1.0186464519E-03   2.4385310916E-04
    9      1.6348538219E-03  -1.8361812973E-01  -9.4246929900E-02   2.8901559537E-02   3.0913025022E-02
   10      1.7683491217E-03  -1.2882742289E-01  -1.3744482994E-01   3.2525406951E-02   6.8831005335E-03
   11      7.5394598527E-03   3.2983224043E-02   2.6444765416E-02  -3.6218379115E-02  -3.3089730955E-03
   12     -1.3974663829E-03  -1.8681863472E-02  -4.0620006527E-02   1.0821779018E-02  -7.3416445512E-03
   13      5.8808301340E-03  -3.0698156899E-02  -3.7268743506E-02   1.0590433804E-02  -3.9309572733E-03
   14      2.5133837342E-03   7.1788712697E-03   1.1826077128E-02   5.4805304032E-03   1.1167994590E-03
   15     -6.5178862968E-03   1.1367492850E-02   8.9275816787E-03  -1.8901613014E-03   2.5393631680E-03
   16      5.5581830416E-02   2.3151127717E-03  -2.1527721044E-03   1.9766336910E-03  -7.5728474282E-04
   17     -4.9273649301E-02  -8.3615567876E-04   1.0374294884E-03   5.5407264013E-03  -9.4619998161E-05
   18     -2.7092952345E-04   3.7374236581E-03  -2.0294696654E-03  -6.8550320211E-04   4.2765242748E-03
   19     -6.4183700783E-04  -1.6298734901E-02  -6.7163354917E-03   2.2662907710E-03  -7.2303194933E-03
   20     -1.2673720862E-03   2.3513517309E-03   4.9646831102E-03  -4.7186311508E-03  -7.5592080125E-04
   21     -5.8465841427E-04  -7.8825336634E-01  -2.1792493966E-02   8.3515807195E-02  -9.0183592069E-01
   22      3.6127514883E-05   1.6870175789E-02  -5.4535103737E-02  -2.0229948958E-03  -4.3213415212E-02
   23     -4.2530774164E-05   8.1733659136E-02   3.0906850678E-03  -4.7809377982E-02   1.0039461184E-01
   24      8.5556720219E-06  -1.1098939143E-03   3.4084043666E-04   9.2162800874E-05  -2.0680687446E-04
   25     -3.3433025064E-05  -1.2666791938E-03   7.6275407304E-05   1.4506839064E-04  -1.0131175893E-04
   26     -2.2906660910E-04   5.0669340829E-04  -4.3953601549E-06   4.7729023228E-04   1.4303023246E-04
   27     -3.8688238878E-04   4.8916789993E-04   8.0741258866E-05  -4.6378522486E-05   4.6123928238E-04
   28     -8.2060876822E-04  -8.8765989126E-05   3.6090700061E-04  -1.5541569542E-04  -4.8197060351E-05
   29     -3.5307784357E-03  -1.3724485726E-04  -3.5149498754E-04  -7.7477069779E-04   4.8002699824E-05
   30     -3.7432179825E-04   2.0249361516E-03  -5.1129975751E-04  -2.8267261522E-04  -1.6299916293E-04
   31     -1.0479726125E-03   1.5097647192E-03   2.3598892400E-03  -1.3440040843E-03  -5.1411697389E-04
   32     -4.0009699215E-03  -7.7072028716E-04  -1.2657858676E-03  -3.3447278034E-03   1.1011110339E-04
   33      5.8536303845E-03  -6.5560916094E-04  -1.2320074680E-03   3.4881028931E-04  -5.7620491950E-04
   34     -6.1575028687E-02  -8.3163784380E-04  -7.1550888958E-04   2.2058315616E-04  -5.7253091183E-04
   35      3.8245623363E-02   4.1459984310E-04   2.6893394825E-04  -3.1817120071E-04   2.9577030940E-04
   36      4.1459984310E-04   1.1368508443E+00   1.3456799370E-01  -1.3570474199E-01  -9.4288048863E-02
   37      2.6893394825E-04   1.3456799370E-01   1.9695307763E-01  -4.2019533328E-02   1.5579082663E-02
   38     -3.1817120071E-04  -1.3570474199E-01  -4.2019533328E-02   5.5645124852E-02   1.1629702511E-02
